[Header]
;Copyright 2015, Quantum Design, Inc. All rights reserved.
FILEOPENTIME, 0.0, ,14-Apr-26 12:35:49 AM
BYAPP, Electrical Transport Option, Release 1.3.1 Build 0
INFO, APPNAME, ETOption, Release 1.3.1 Build 0
TITLE, Electrical Transport Option (CAN)
STARTUPAXIS, X, 2, LINEAR, AUTO
STARTUPAXIS, Y1, 7, LINEAR, AUTO
STARTUPAXIS, Y2, 9, LINEAR, AUTO
STARTUPAXIS, Y3, 27, LINEAR, AUTO
STARTUPAXIS, Y4, 29, LINEAR, AUTO
TIMEMODE, SECONDS, RELATIVE
PLOT_APPEARANCE, ALL, HORZ_GRID_ON, VERT_GRID_ON,,AUTO_LINES
RECORDS, ALL_RECORDS
DATATYPE, COMMENT, 1
[Data]
Comment,Time Stamp (s),Temperature (K),Field (Oe),Sample Position (deg),Chamber Pressure (Torr),Resistance Ch1 (Ohms),Resistance Std. Dev. Ch1 (Ohms),Phase Angle Ch1 (deg),I-V Current Ch1 (mA),I-V Voltage Ch1 (V),Frequency Ch1 (Hz),Averaging Time Ch1 (s),AC Current Ch1 (mA),DC Current Ch1 (mA),Voltage Ampl Ch1 (V),In Phase Voltage Ampl Ch1 (V),Quadrature Voltage Ch1 (V),AC Voltage Ch1 (V),DC Voltage Ch1 (V),Current Ampl Ch1 (mA),In Phase Current Ch1 (mA),Quadrature Current Ch1 (mA),Gain Ch1,2nd Harmonic Ch1 (dB),3rd Harmonic Ch1 (dB),Resistance Ch2 (Ohms),Resistance Std. Dev. Ch2 (Ohms),Phase Angle Ch2 (deg),I-V Current Ch2 (mA),I-V Voltage Ch2 (V),Frequency Ch2 (Hz),Averaging Time Ch2 (s),AC Current Ch2 (mA),DC Current Ch2 (mA),Voltage Ampl Ch2 (V),In Phase Voltage Ampl Ch2 (V),Quadrature Voltage Ch2 (V),AC Voltage Ch2 (V),DC Voltage Ch2 (V),Current Ampl Ch2 (mA),In Phase Current Ch2 (mA),Quadrature Current Ch2 (mA),Gain Ch2,2nd Harmonic Ch2 (dB),3rd Harmonic Ch2 (dB),ETO Status Code,ETO Measurement Mode,Temperature Status (code),Field Status (code),Chamber Status (code),ETO Channel 1,ETO Channel 2,ETO Channel 3,ETO Channel 4,ETO Channel 5,ETO Channel 6,ETO Channel 7,ETO Channel 8,ETO Channel 9,ETO Channel 10,ETO Channel 11,ETO Channel 12,ETO Channel 13,ETO Channel 14,ETO Channel 15,ETO Channel 16

,3985288548.06601,2.79843258857727,0.142378360033035,0,0.252,0.0005612388,0.01388228,47.11043,,,128.1738,4.595323,0.0005,0,4.123092E-10,2.806125E-10,3.020853E-10,,,,,,90000,-86.85806,-88.95522,,,,,,,,,,,,,,,,,,,,,124337024,0,1,4,1,,,,,,,,,,,,,,,,
,3985288575.03907,2.80039978027344,0.195770248770714,0,0.249,,,,,,,,,,,,,,,,,,,,,17.98475,0.5889882,-0.07344247,,,143.4326,4.594492,0.0005,0,8.992318E-06,8.992311E-06,-1.152647E-08,,,,,,90000,-84.86525,-87.18457,426327424,0,1,4,1,,,,,,,,,,,,,,,,
,3985288664.33374,2.79165363311768,0.213567554950714,0,0.238,0.0002895218,0.004628386,-77.10542,,,128.1738,4.595323,0.0005,0,6.486766E-10,1.447574E-10,-6.323184E-10,,,,,,90000,-91.00272,-73.41586,,,,,,,,,,,,,,,,,,,,,124337024,0,1,4,1,,,,,,,,,,,,,,,,
,3985288690.93892,2.79533171653748,0.160175666213036,0,0.229,,,,,,,,,,,,,,,,,,,,,17.78296,1.021996,-0.0754953,,,143.4326,4.594492,0.0005,0,8.891424E-06,8.891417E-06,-1.171571E-08,,,,,,90000,-94.19707,-94.17821,426327424,0,1,4,1,,,,,,,,,,,,,,,,
,3985288780.15244,2.79044890403748,0.124581068754196,0,0.219,0.00138302,0.01998021,-18.58974,,,128.1738,4.595323,0.0005,0,7.295572E-10,6.91493E-10,-2.325752E-10,,,,,,90000,-88.42216,-90.28793,,,,,,,,,,,,,,,,,,,,,124337024,0,1,4,1,,,,,,,,,,,,,,,,
,3985288807.19112,2.78990626335144,0.177972957491875,0,0.217,,,,,,,,,,,,,,,,,,,,,17.59784,0.6676036,-0.07832206,,,143.4326,4.594492,0.0005,0,8.798863E-06,8.798855E-06,-1.202785E-08,,,,,,90000,-85.35992,-87.11745,426327424,0,1,4,1,,,,,,,,,,,,,,,,
,3985288897.09871,2.78536868095398,0.391540497541428,0,0.211,0.002255083,0.01839774,-21.96972,,,128.1738,4.595323,0.0005,0,1.215803E-09,1.127514E-09,-4.548521E-10,,,,,,90000,-98.44556,-87.27794,,,,,,,,,,,,,,,,,,,,,124337024,0,1,4,1,,,,,,,,,,,,,,,,
,3985288924.31267,2.78479719161987,0.391540497541428,0,0.209,,,,,,,,,,,,,,,,,,,,,17.33115,0.0343949,-0.07962499,,,143.4326,4.594492,0.0005,0,8.665518E-06,8.66551E-06,-1.204262E-08,,,,,,90000,-84.24928,-81.46811,426327424,0,1,4,1,,,,,,,,,,,,,,,,
,3985289012.09707,2.78037190437317,0.33814862370491,0,0.204,-0.0007479599,-0.01206735,-127.062,,,128.1738,4.595323,0.0005,0,6.205144E-10,-3.739708E-10,-4.951606E-10,,,,,,90000,-93.23921,-85.87704,,,,,,,,,,,,,,,,,,,,,124337024,0,1,4,1,,,,,,,,,,,,,,,,
,3985289039.00982,2.78059029579163,-0.160175666213036,0,0.203,,,,,,,,,,,,,,,,,,,,,17.0972,0.03508303,-0.08094595,,,143.4326,4.594492,0.0005,0,8.548544E-06,8.548536E-06,-1.207715E-08,,,,,,90000,-83.94022,-82.03685,426327424,0,1,4,1,,,,,,,,,,,,,,,,
,3985289128.88119,2.77513718605042,-0.195770248770714,0,0.196,0.002466012,0.01801582,-21.22988,,,128.1738,4.595323,0.0005,0,1.322744E-09,1.232976E-09,-4.789798E-10,,,,,,90000,-93.92384,-73.54207,,,,,,,,,,,,,,,,,,,,,124337024,0,1,4,1,,,,,,,,,,,,,,,,
,3985289155.19024,2.7747757434845,-0.195770248770714,0,0.195,,,,,,,,,,,,,,,,,,,,,16.83074,0.223411,-0.07987295,,,143.4326,4.594492,0.0005,0,8.415318E-06,8.41531E-06,-1.173134E-08,,,,,,90000,-82.78442,-81.20834,426327424,0,1,4,1,,,,,,,,,,,,,,,,
,3985289244.15028,2.76999855041504,-0.231364846229553,0,0.192,-0.0005753495,-0.01481338,-137.0085,,,128.1738,4.595323,0.0005,0,3.932813E-10,-2.876677E-10,-2.681744E-10,,,,,,90000,-92.37518,-77.61394,,,,,,,,,,,,,,,,,,,,,124337024,0,1,4,1,,,,,,,,,,,,,,,,
,3985289271.16844,2.76992845535278,-0.160175666213036,0,0.191,,,,,,,,,,,,,,,,,,,,,16.50647,0.2590788,-0.08553624,,,143.4326,4.594492,0.0005,0,8.253184E-06,8.253175E-06,-1.232108E-08,,,,,,90000,-87.01065,-77.03948,426327424,0,1,4,1,,,,,,,,,,,,,,,,
,3985289362.12832,2.76493906974792,-0.160175666213036,0,0.188,0.002132707,0.01939566,-12.25639,,,128.1738,4.595323,0.0005,0,1.091198E-09,1.066327E-09,-2.31647E-10,,,,,,90000,-87.47655,-83.04557,,,,,,,,,,,,,,,,,,,,,124337024,0,1,4,1,,,,,,,,,,,,,,,,
,3985289389.08754,2.76520013809204,-0.160175666213036,0,0.188,,,,,,,,,,,,,,,,,,,,,16.12456,0.2893127,-0.08299501,,,143.4326,4.594492,0.0005,0,8.062227E-06,8.062219E-06,-1.167842E-08,,,,,,90000,-78.00891,-75.39103,426327424,0,1,4,1,,,,,,,,,,,,,,,,
,3985289477.76816,2.76010751724243,0.409337788820267,0,0.185,-0.001240199,-0.0136781,-134.873,,,128.1738,4.595323,0.0005,0,8.788816E-10,-6.200841E-10,-6.228391E-10,,,,,,90000,-83.87341,-80.15405,,,,,,,,,,,,,,,,,,,,,124337024,0,1,4,1,,,,,,,,,,,,,,,,
,3985289504.0878,2.7599937915802,0.320351332426071,0,0.184,,,,,,,,,,,,,,,,,,,,,15.63303,0.7301427,-0.08928648,,,143.4326,4.594492,0.0005,0,7.816466E-06,7.816457E-06,-1.218073E-08,,,,,,90000,-90.46943,-74.54855,426327424,0,1,4,1,,,,,,,,,,,,,,,,
,3985289593.26079,2.75499796867371,0.33814862370491,0,0.181,0.0008717056,0.01976182,-11.89948,,,128.1738,4.595323,0.0005,0,4.454137E-10,4.358421E-10,-9.184221E-11,,,,,,90000,-101.9858,-80.47079,,,,,,,,,,,,,,,,,,,,,124337024,0,1,4,1,,,,,,,,,,,,,,,,
,3985289620.19939,2.75499963760376,0.266959428787231,0,0.181,,,,,,,,,,,,,,,,,,,,,14.91206,0.05069988,-0.09679595,,,143.4326,4.594492,0.0005,0,7.455987E-06,7.455977E-06,-1.25962E-08,,,,,,90000,-80.9908,-71.38965,426327424,0,1,4,1,,,,,,,,,,,,,,,,
,3985289708.22062,2.7501277923584,0.213567554950714,0,0.178,-0.0006424696,-0.00872018,-115.5734,,,128.1738,4.595323,0.0005,0,7.441535E-10,-3.212269E-10,-6.712508E-10,,,,,,90000,-87.1149,-87.75654,,,,,,,,,,,,,,,,,,,,,124337024,0,1,4,1,,,,,,,,,,,,,,,,
,3985289734.54033,2.75063848495483,0.249162137508392,0,0.178,,,,,,,,,,,,,,,,,,,,,13.98829,0.3119329,-0.09897726,,,143.4326,4.594492,0.0005,0,6.994106E-06,6.994096E-06,-1.208217E-08,,,,,,90000,-85.93868,-65.67977,426327424,0,1,4,1,,,,,,,,,,,,,,,,
,3985289824.91355,2.74517703056335,0.195770248770714,0,0.176,0.0008311801,0.009111161,-62.54784,,,128.1738,4.595323,0.0005,0,9.014594E-10,4.155798E-10,-7.999515E-10,,,,,,90000,-97.16343,-79.97788,,,,,,,,,,,,,,,,,,,,,124337024,0,1,4,1,,,,,,,,,,,,,,,,
,3985289851.72393,2.74524974822998,0.195770248770714,0,0.175,,,,,,,,,,,,,,,,,,,,,12.86627,0.3531496,-0.1130735,,,143.4326,4.594492,0.0005,0,6.433098E-06,6.433085E-06,-1.269574E-08,,,,,,90000,-88.49963,-66.04232,426327424,0,1,4,1,,,,,,,,,,,,,,,,
,3985289939.79998,2.7400975227356,0.213567554950714,0,0.173,0.0002165875,0.007991935,66.7717,,,128.1738,4.595323,0.0005,0,2.745746E-10,1.082911E-10,2.523178E-10,,,,,,90000,-88.40204,-90.47618,,,,,,,,,,,,,,,,,,,,,124337024,0,1,4,1,,,,,,,,,,,,,,,,
,3985289966.19568,2.74029874801636,0.213567554950714,0,0.172,,,,,,,,,,,,,,,,,,,,,11.79556,0.1080932,-0.120991,,,143.4326,4.594492,0.0005,0,5.897752E-06,5.897738E-06,-1.245422E-08,,,,,,90000,-86.27356,-65.28396,426327424,0,1,4,1,,,,,,,,,,,,,,,,
,3985290055.18431,2.73490738868713,0.284756720066071,0,0.17,0.0001417788,0.003418849,-80.29659,,,128.1738,4.595323,0.0005,0,4.205784E-10,7.088764E-11,-4.145614E-10,,,,,,90000,-92.83059,-84.56562,,,,,,,,,,,,,,,,,,,,,124337024,0,1,4,1,,,,,,,,,,,,,,,,
,3985290082.0801,2.73484230041504,0.213567554950714,0,0.17,,,,,,,,,,,,,,,,,,,,,10.80878,0.5523459,-0.1410315,,,143.4326,4.594492,0.0005,0,5.404368E-06,5.404352E-06,-1.330265E-08,,,,,,90000,-80.76714,-67.8027,426327424,0,1,4,1,,,,,,,,,,,,,,,,
,3985290169.88289,2.72991514205933,0.266959428787231,0,0.168,0.001689138,0.02139446,4.248162,,,128.1738,4.595323,0.0005,0,8.468752E-10,8.445484E-10,6.273355E-11,,,,,,90000,-88.88795,-80.0557,,,,,,,,,,,,,,,,,,,,,124337024,0,1,4,1,,,,,,,,,,,,,,,,
,3985290197.14945,2.73029017448425,0.177972957491875,0,0.167,,,,,,,,,,,,,,,,,,,,,10.07376,0.2896486,-0.1390388,,,143.4326,4.594492,0.0005,0,5.036858E-06,5.036843E-06,-1.222286E-08,,,,,,90000,-88.91632,-69.02707,426327424,0,1,4,1,,,,,,,,,,,,,,,,
,3985290286.92301,2.72478222846985,0.213567554950714,0,0.165,0.000704918,0.01395012,-47.45042,,,128.1738,4.595323,0.0005,0,5.212005E-10,3.524503E-10,-3.839645E-10,,,,,,90000,-90.47087,-98.04542,,,,,,,,,,,,,,,,,,,,,124337024,0,1,4,1,,,,,,,,,,,,,,,,
,3985290313.8422,2.72508096694946,0.33814862370491,0,0.165,,,,,,,,,,,,,,,,,,,,,9.477139,0.1064357,-0.1598173,,,143.4326,4.594492,0.0005,0,4.738553E-06,4.738535E-06,-1.321741E-08,,,,,,90000,-88.56919,-71.26865,426327424,0,1,4,1,,,,,,,,,,,,,,,,
,3985290401.8165,2.71987748146057,0.30255401134491,0,0.163,-0.001921115,-0.0214854,179.1179,,,128.1738,4.595323,0.0005,0,9.606478E-10,-9.60534E-10,1.478955E-11,,,,,,90000,-88.56305,-78.6273,,,,,,,,,,,,,,,,,,,,,124337024,0,1,4,1,,,,,,,,,,,,,,,,
,3985290428.15942,2.72002911567688,0.249162137508392,0,0.163,,,,,,,,,,,,,,,,,,,,,8.940055,0.2649991,-0.162611,,,143.4326,4.594492,0.0005,0,4.470013E-06,4.469995E-06,-1.268631E-08,,,,,,90000,-98.42221,-71.41434,426327424,0,1,4,1,,,,,,,,,,,,,,,,
,3985290517.43072,2.71456503868103,0.213567554950714,0,0.161,0.001499643,0.0183168,12.60935,,,128.1738,4.595323,0.0005,0,7.683344E-10,7.498031E-10,1.677293E-10,,,,,,90000,-87.37416,-84.96777,,,,,,,,,,,,,,,,,,,,,124337024,0,1,4,1,,,,,,,,,,,,,,,,
,3985290544.40879,2.71528840065002,0.231364846229553,0,0.161,,,,,,,,,,,,,,,,,,,,,8.44101,0.7157891,-0.178195,,,143.4326,4.594492,0.0005,0,4.220495E-06,4.220474E-06,-1.312609E-08,,,,,,90000,-84.9786,-69.22963,426327424,0,1,4,1,,,,,,,,,,,,,,,,
,3985290631.74756,2.70999002456665,0.213567554950714,0,0.159,0.001129174,0.008991965,-63.74054,,,128.1738,4.595323,0.0005,0,1.276054E-09,5.645731E-10,-1.144364E-09,,,,,,90000,-80.89387,-89.7486,,,,,,,,,,,,,,,,,,,,,124337024,0,1,4,1,,,,,,,,,,,,,,,,
,3985290659.10212,2.71026253700256,0.177972957491875,0,0.159,,,,,,,,,,,,,,,,,,,,,7.973282,0.92677,-0.2004815,,,143.4326,4.594492,0.0005,0,3.986636E-06,3.986612E-06,-1.394946E-08,,,,,,90000,-88.64259,-71.27487,426327424,0,1,4,1,,,,,,,,,,,,,,,,
,3985290749.0728,2.70506000518799,-0.284756720066071,0,0.157,0.002088039,0.01881517,23.63663,,,128.1738,4.595323,0.0005,0,1.139598E-09,1.043994E-09,4.569046E-10,,,,,,90000,-92.7235,-92.83356,,,,,,,,,,,,,,,,,,,,,124337024,0,1,4,1,,,,,,,,,,,,,,,,
,3985290776.02111,2.70514297485352,-0.30255401134491,0,0.157,,,,,,,,,,,,,,,,,,,,,7.511219,0.03186769,-0.1959152,,,143.4326,4.594492,0.0005,0,3.755604E-06,3.755582E-06,-1.284176E-08,,,,,,90000,-85.79568,-71.01865,426327424,0,1,4,1,,,,,,,,,,,,,,,,
,3985290863.86408,2.70020222663879,-0.284756720066071,0,0.155,0.0001367423,0.001821427,-84.70393,,,128.1738,4.595323,0.0005,0,7.40713E-10,6.836946E-11,-7.37551E-10,,,,,,90000,-93.42838,-95.99846,,,,,,,,,,,,,,,,,,,,,124337024,0,1,4,1,,,,,,,,,,,,,,,,
,3985290890.03358,2.69991612434387,-0.266959428787231,0,0.155,,,,,,,,,,,,,,,,,,,,,7.042652,0.1579016,-0.2056436,,,143.4326,4.594492,0.0005,0,3.521322E-06,3.5213E-06,-1.263856E-08,,,,,,90000,-81.38245,-71.38462,426327424,0,1,4,1,,,,,,,,,,,,,,,,
,3985290979.45796,2.69490575790405,-0.569513440132141,0,0.153,0.0003585976,0.01384608,-47.1296,,,128.1738,4.595323,0.0005,0,2.635356E-10,1.792944E-10,-1.931437E-10,,,,,,90000,-82.1384,-82.3803,,,,,,,,,,,,,,,,,,,,,124337024,0,1,4,1,,,,,,,,,,,,,,,,
,3985291006.38324,2.69491600990295,-0.284756720066071,0,0.153,,,,,,,,,,,,,,,,,,,,,6.574246,0.4021502,-0.2104879,,,143.4326,4.594492,0.0005,0,3.287121E-06,3.287099E-06,-1.207589E-08,,,,,,90000,-87.09258,-69.55482,426327424,0,1,4,1,,,,,,,,,,,,,,,,
,3985291094.11427,2.69018220901489,-0.195770248770714,0,0.152,0.001228046,0.01967635,15.01938,,,128.1738,4.595323,0.0005,0,6.357254E-10,6.140079E-10,1.647455E-10,,,,,,90000,-85.93742,-74.85711,,,,,,,,,,,,,,,,,,,,,124337024,0,1,4,1,,,,,,,,,,,,,,,,
,3985291120.48243,2.69009137153625,-0.160175666213036,0,0.151,,,,,,,,,,,,,,,,,,,,,6.121096,0.4791554,-0.2349158,,,143.4326,4.594492,0.0005,0,3.060551E-06,3.060525E-06,-1.254839E-08,,,,,,90000,-81.09834,-68.41044,426327424,0,1,4,1,,,,,,,,,,,,,,,,
,3985291210.12304,2.68494129180908,-0.177972957491875,0,0.15,-0.001203516,-0.01103886,-122.8323,,,128.1738,4.595323,0.0005,0,1.109855E-09,-6.017435E-10,-9.325674E-10,,,,,,90000,-91.55591,-92.43534,,,,,,,,,,,,,,,,,,,,,124337024,0,1,4,1,,,,,,,,,,,,,,,,
,3985291237.12104,2.68502688407898,-0.160175666213036,0,0.15,,,,,,,,,,,,,,,,,,,,,5.628797,0.8893254,-0.2569168,,,143.4326,4.594492,0.0005,0,2.814406E-06,2.814377E-06,-1.261988E-08,,,,,,90000,-87.71743,-68.97211,426327424,0,1,4,1,,,,,,,,,,,,,,,,
,3985291325.90696,2.67987704277039,-0.142378360033035,0,0.148,0.0009338817,0.01143967,-55.98621,,,128.1738,4.595323,0.0005,0,8.347081E-10,4.669294E-10,-6.91892E-10,,,,,,90000,-94.18075,-86.70914,,,,,,,,,,,,,,,,,,,,,124337024,0,1,4,1,,,,,,,,,,,,,,,,
,3985291353.04834,2.67964673042297,-0.124581068754196,0,0.148,,,,,,,,,,,,,,,,,,,,,5.110534,0.6416709,-0.308837,,,143.4326,4.594492,0.0005,0,2.555285E-06,2.555248E-06,-1.377349E-08,,,,,,90000,-88.10963,-70.05786,426327424,0,1,4,1,,,,,,,,,,,,,,,,
,3985291443.57292,2.67507529258728,-0.160175666213036,0,0.147,-0.0001503575,-0.008345484,113.783,,,128.1738,4.595323,0.0005,0,1.864164E-10,-7.51769E-11,1.705858E-10,,,,,,90000,-94.90154,-82.66763,,,,,,,,,,,,,,,,,,,,,124337024,0,1,4,1,,,,,,,,,,,,,,,,
,3985291471.05189,2.67491221427917,-0.124581068754196,0,0.147,,,,,,,,,,,,,,,,,,,,,4.571672,0.103268,-0.3446689,,,143.4326,4.594492,0.0005,0,2.285861E-06,2.285819E-06,-1.375076E-08,,,,,,90000,-84.07329,-68.46249,426327424,0,1,4,1,,,,,,,,,,,,,,,,
,3985291559.1026,2.67000126838684,-0.160175666213036,0,0.145,-0.0009993785,-0.01682084,144.322,,,128.1738,4.595323,0.0005,0,6.151326E-10,-4.99677E-10,3.587632E-10,,,,,,90000,-98.10794,-85.7491,,,,,,,,,,,,,,,,,,,,,124337024,0,1,4,1,,,,,,,,,,,,,,,,
,3985291586.12034,2.67001986503601,-0.195770248770714,0,0.145,,,,,,,,,,,,,,,,,,,,,4.00476,0.1640017,-0.3855893,,,143.4326,4.594492,0.0005,0,2.002411E-06,2.002365E-06,-1.347573E-08,,,,,,90000,-84.22924,-68.85789,426327424,0,1,4,1,,,,,,,,,,,,,,,,
,3985291675.18832,2.66474533081055,-0.177972957491875,0,0.144,0.001221079,0.01611978,41.69169,,,128.1738,4.595323,0.0005,0,8.175923E-10,6.105245E-10,5.437987E-10,,,,,,90000,-89.56229,-92.78429,,,,,,,,,,,,,,,,,,,,,124337024,0,1,4,1,,,,,,,,,,,,,,,,
,3985291702.14149,2.66514372825623,0.195770248770714,0,0.143,,,,,,,,,,,,,,,,,,,,,3.377954,0.2734065,-0.4528696,,,143.4326,4.594492,0.0005,0,1.689017E-06,1.688965E-06,-1.334997E-08,,,,,,90000,-83.50705,-68.98755,426327424,0,1,4,1,,,,,,,,,,,,,,,,
,3985291789.11429,2.66007828712463,0.373743206262589,0,0.142,-0.0003280605,-0.005695125,-106.5686,,,128.1738,4.595323,0.0005,0,5.752005E-10,-1.640262E-10,-5.513175E-10,,,,,,90000,-91.20476,-83.6552,,,,,,,,,,,,,,,,,,,,,124337024,0,1,4,1,,,,,,,,,,,,,,,,
,3985291816.14985,2.66002321243286,0.427135109901428,0,0.142,,,,,,,,,,,,,,,,,,,,,2.770194,0.5484562,-0.5556249,,,143.4326,4.594492,0.0005,0,1.385152E-06,1.385087E-06,-1.343228E-08,,,,,,90000,-88.25238,-66.93059,426327424,0,1,4,1,,,,,,,,,,,,,,,,
,3985291905.63421,2.65516138076782,0.391540497541428,0,0.141,0.0004131021,0.0142555,-44.17941,,,128.1738,4.595323,0.0005,0,2.88005E-10,2.06546E-10,-2.007128E-10,,,,,,90000,-85.88242,-86.7392,,,,,,,,,,,,,,,,,,,,,124337024,0,1,4,1,,,,,,,,,,,,,,,,
,3985291932.60695,2.6547839641571,0.409337788820267,0,0.141,,,,,,,,,,,,,,,,,,,,,2.16654,0.1147264,-0.680028,,,143.4326,4.594492,0.0005,0,1.083338E-06,1.083262E-06,-1.285755E-08,,,,,,90000,-89.32999,-68.9575,426327424,0,1,4,1,,,,,,,,,,,,,,,,
,3985292019.72893,2.64997673034668,0.444932401180267,0,0.14,2.793114E-05,0.001257402,-86.45993,,,128.1738,4.595323,0.0005,0,2.261701E-10,1.396523E-11,-2.257385E-10,,,,,,90000,-96.0152,-83.3746,,,,,,,,,,,,,,,,,,,,,124337024,0,1,4,1,,,,,,,,,,,,,,,,
,3985292046.10679,2.65003705024719,0.409337788820267,0,0.139,,,,,,,,,,,,,,,,,,,,,1.651021,0.1277425,-0.9451936,,,143.4326,4.594492,0.0005,0,8.256167E-07,8.255044E-07,-1.361937E-08,,,,,,90000,-81.09046,-69.99442,426327424,0,1,4,1,,,,,,,,,,,,,,,,
,3985292134.52147,2.64509534835815,0.373743206262589,0,0.138,-0.0009052446,-0.01988948,182.2661,,,128.1738,4.595323,0.0005,0,4.529654E-10,-4.526112E-10,-1.791051E-11,,,,,,90000,-94.36877,-82.38879,,,,,,,,,,,,,,,,,,,,,124337024,0,1,4,1,,,,,,,,,,,,,,,,
,3985292161.47762,2.64511370658875,0.444932401180267,0,0.138,,,,,,,,,,,,,,,,,,,,,1.225031,0.4691266,-1.235372,,,143.4326,4.594492,0.0005,0,6.126535E-07,6.125111E-07,-1.320859E-08,,,,,,90000,-90.26897,-70.10289,426327424,0,1,4,1,,,,,,,,,,,,,,,,
,3985292250.02439,2.63982582092285,0.409337788820267,0,0.137,-0.001324918,-0.01699733,-145.86,,,128.1738,4.595323,0.0005,0,8.003719E-10,-6.624427E-10,-4.491825E-10,,,,,,90000,-92.83159,-88.89775,,,,,,,,,,,,,,,,,,,,,124337024,0,1,4,1,,,,,,,,,,,,,,,,
,3985292277.0249,2.64003872871399,0.391540497541428,0,0.137,,,,,,,,,,,,,,,,,,,,,0.8768138,0.1987557,-1.746534,,,143.4326,4.594492,0.0005,0,4.386074E-07,4.384036E-07,-1.33679E-08,,,,,,90000,-83.98363,-74.40295,426327424,0,1,4,1,,,,,,,,,,,,,,,,
,3985292367.81985,2.63500118255615,0.427135109901428,0,0.136,-0.0004132876,-0.006600733,-108.1958,,,128.1738,4.595323,0.0005,0,6.617421E-10,-2.066387E-10,-6.286517E-10,,,,,,90000,-86.41812,-80.86888,,,,,,,,,,,,,,,,,,,,,124337024,0,1,4,1,,,,,,,,,,,,,,,,
,3985292395.18077,2.63511872291565,0.462729692459106,0,0.136,,,,,,,,,,,,,,,,,,,,,0.6278319,0.9040131,-2.521614,,,143.4326,4.594492,0.0005,0,3.142179E-07,3.139136E-07,-1.382441E-08,,,,,,90000,-88.47497,-75.60571,426327424,0,1,4,1,,,,,,,,,,,,,,,,
,3985292483.90728,2.62994766235352,0.177972957491875,0,0.135,0.0003123738,0.014766,41.35017,,,128.1738,4.595323,0.0005,0,2.080538E-10,1.561831E-10,1.374527E-10,,,,,,90000,-83.70693,-83.18958,,,,,,,,,,,,,,,,,,,,,124337024,0,1,4,1,,,,,,,,,,,,,,,,
,3985292511.08376,2.63026523590088,0.427135109901428,0,0.135,,,,,,,,,,,,,,,,,,,,,0.4349946,0.4953306,-3.503436,,,143.4326,4.594492,0.0005,0,2.179029E-07,2.174957E-07,-1.33157E-08,,,,,,90000,-94.65848,-79.67722,426327424,0,1,4,1,,,,,,,,,,,,,,,,
,3985292600.22056,2.62497639656067,-0.142378360033035,0,0.134,-0.0006079853,-0.007931414,112.3495,,,128.1738,4.595323,0.0005,0,7.994253E-10,-3.039852E-10,7.39374E-10,,,,,,90000,-88.23869,-77.7502,,,,,,,,,,,,,,,,,,,,,124337024,0,1,4,1,,,,,,,,,,,,,,,,
,3985292628.62679,2.62491655349731,-0.160175666213036,0,0.133,,,,,,,,,,,,,,,,,,,,,0.2938452,0.8442743,-4.990165,,,143.4326,4.594492,0.0005,0,1.474805E-07,1.469215E-07,-1.282856E-08,,,,,,90000,-83.75668,-82.90088,426327424,0,1,4,1,,,,,,,,,,,,,,,,
,3985292716.10596,2.61991786956787,-0.373743206262589,0,0.132,0.0003341795,0.008648747,-65.173,,,128.1738,4.595323,0.0005,0,3.979369E-10,1.670857E-10,-3.611595E-10,,,,,,90000,-88.45073,-88.35332,,,,,,,,,,,,,,,,,,,,,124337024,0,1,4,1,,,,,,,,,,,,,,,,
,3985292743.22816,2.6202974319458,-0.124581068754196,0,0.132,,,,,,,,,,,,,,,,,,,,,0.1923031,0.7087678,-7.97723,,,143.4326,4.594492,0.0005,0,9.709034E-08,9.615082E-08,-1.347415E-08,,,,,,90000,-90.44774,-78.52019,426327424,0,1,4,1,,,,,,,,,,,,,,,,
,3985292832.30653,2.61472129821777,-0.142378360033035,0,0.131,-0.0002405024,-0.009854479,-118.4203,,,128.1738,4.595323,0.0005,0,2.526567E-10,-1.202482E-10,-2.222066E-10,,,,,,90000,-94.59527,-91.12375,,,,,,,,,,,,,,,,,,,,,124337024,0,1,4,1,,,,,,,,,,,,,,,,
,3985292860.19243,2.61486530303955,-0.160175666213036,0,0.131,,,,,,,,,,,,,,,,,,,,,0.1268275,0.6762573,-12.25301,,,143.4326,4.594492,0.0005,0,6.489149E-08,6.341326E-08,-1.377185E-08,,,,,,90000,-85.20011,-84.66946,426327424,0,1,4,1,,,,,,,,,,,,,,,,
,3985292947.24796,2.61014556884766,-0.142378360033035,0,0.13,-0.002473812,-0.02020246,169.9986,,,128.1738,4.595323,0.0005,0,1.255962E-09,-1.236875E-09,2.181268E-10,,,,,,90000,-85.11178,-83.78587,,,,,,,,,,,,,,,,,,,,,124337024,0,1,4,1,,,,,,,,,,,,,,,,
,3985292973.73989,2.61003136634827,-0.0889864787459373,0,0.13,,,,,,,,,,,,,,,,,,,,,0.08130837,0.0860817,-18.59805,,,143.4326,4.594492,0.0005,0,4.289383E-08,4.065388E-08,-1.368E-08,,,,,,90000,-91.96431,-88.24586,426327424,0,1,4,1,,,,,,,,,,,,,,,,
,3985293062.44918,2.60477352142334,0.284756720066071,0,0.129,-0.001536,-0.01675506,-144.7767,,,128.1738,4.595323,0.0005,0,9.401045E-10,-7.67981E-10,-5.422194E-10,,,,,,90000,-89.78508,-83.91838,,,,,,,,,,,,,,,,,,,,,124337024,0,1,4,1,,,,,,,,,,,,,,,,
,3985293091.06825,2.60520195960999,0.30255401134491,0,0.129,,,,,,,,,,,,,,,,,,,,,0.05700945,0.02468069,-25.89682,,,143.4326,4.594492,0.0005,0,3.16864E-08,2.850452E-08,-1.383909E-08,,,,,,90000,-90.11575,-85.25604,426327424,0,1,4,1,,,,,,,,,,,,,,,,
,3985293179.28955,2.60004758834839,0.284756720066071,0,0.128,-0.0005250677,-0.01949437,158.89,,,128.1738,4.595323,0.0005,0,2.814128E-10,-2.625274E-10,1.013535E-10,,,,,,90000,-86.28934,-77.83284,,,,,,,,,,,,,,,,,,,,,124337024,0,1,4,1,,,,,,,,,,,,,,,,
,3985293205.81199,2.60000681877136,0.266959428787231,0,0.128,,,,,,,,,,,,,,,,,,,,,0.03847745,0.02115194,-35.55494,,,143.4326,4.594492,0.0005,0,2.364746E-08,1.923859E-08,-1.37506E-08,,,,,,90000,-89.53069,-91.33714,426327424,0,1,4,1,,,,,,,,,,,,,,,,
,3985293294.10997,2.59476399421692,0.231364846229553,0,0.127,-0.001194079,-0.01658637,-143.9061,,,128.1738,4.595323,0.0005,0,7.388437E-10,-5.970247E-10,-4.352603E-10,,,,,,90000,-85.671,-77.50022,,,,,,,,,,,,,,,,,,,,,124337024,0,1,4,1,,,,,,,,,,,,,,,,
,3985293322.23361,2.5946638584137,0.213567554950714,0,0.127,,,,,,,,,,,,,,,,,,,,,0.02911064,0.02007522,-43.71386,,,143.4326,4.594492,0.0005,0,2.013726E-08,1.455521E-08,-1.3916E-08,,,,,,90000,-90.07304,-81.60188,426327424,0,1,4,1,,,,,,,,,,,,,,,,
,3985293410.16576,2.59015607833862,0.266959428787231,0,0.126,-0.002475029,-0.02111876,-167.5851,,,128.1738,4.595323,0.0005,0,1.267114E-09,-1.237484E-09,-2.72415E-10,,,,,,90000,-104.3527,-93.53097,,,,,,,,,,,,,,,,,,,,,124337024,0,1,4,1,,,,,,,,,,,,,,,,
,3985293436.8305,2.59000420570374,0.213567554950714,0,0.126,,,,,,,,,,,,,,,,,,,,,0.0240464,0.01750388,-48.42848,,,143.4326,4.594492,0.0005,0,1.811925E-08,1.202311E-08,-1.355552E-08,,,,,,90000,-94.64058,-94.94113,426327424,0,1,4,1,,,,,,,,,,,,,,,,
,3985293526.3927,2.58499002456665,0.213567554950714,0,0.125,-0.002942564,-0.02017545,179.8626,,,128.1738,4.595323,0.0005,0,1.47125E-09,-1.471246E-09,3.529097E-12,,,,,,90000,-96.7095,-88.99689,,,,,,,,,,,,,,,,,,,,,124337024,0,1,4,1,,,,,,,,,,,,,,,,
,3985293553.94147,2.58487272262573,0.266959428787231,0,0.125,,,,,,,,,,,,,,,,,,,,,0.02236157,0.01820808,-50.21985,,,143.4326,4.594492,0.0005,0,1.747412E-08,1.11807E-08,-1.342895E-08,,,,,,90000,-100.568,-84.17174,426327424,0,1,4,1,,,,,,,,,,,,,,,,
,3985293641.88904,2.58020806312561,0.142378360033035,0,0.125,-0.003444,-0.0208897,182.6643,,,128.1738,4.595323,0.0005,0,1.723821E-09,-1.721958E-09,-8.01313E-11,,,,,,90000,-93.17536,-85.21516,,,,,,,,,,,,,,,,,,,,,124337024,0,1,4,1,,,,,,,,,,,,,,,,
,3985293668.14017,2.58034896850586,0.213567554950714,0,0.124,,,,,,,,,,,,,,,,,,,,,0.02015488,0.01589267,-53.75364,,,143.4326,4.594492,0.0005,0,1.704393E-08,1.007736E-08,-1.374562E-08,,,,,,90000,-98.27125,-86.65895,426327424,0,1,4,1,,,,,,,,,,,,,,,,
,3985293756.66934,2.57508683204651,0.231364846229553,0,0.124,-0.002358794,-0.01972502,171.3274,,,128.1738,4.595323,0.0005,0,1.193009E-09,-1.179368E-09,1.798907E-10,,,,,,90000,-90.64931,-83.31222,,,,,,,,,,,,,,,,,,,,,124337024,0,1,4,1,,,,,,,,,,,,,,,,
,3985293784.35585,2.57519221305847,0.160175666213036,0,0.124,,,,,,,,,,,,,,,,,,,,,0.0219056,0.01618353,-51.75746,,,143.4326,4.594492,0.0005,0,1.769445E-08,1.095272E-08,-1.389718E-08,,,,,,90000,-86.02097,-89.96853,426327424,0,1,4,1,,,,,,,,,,,,,,,,
,3985293872.11786,2.56985425949097,0.177972957491875,0,0.123,-0.002343867,-0.01950389,172.1694,,,128.1738,4.595323,0.0005,0,1.182935E-09,-1.171905E-09,1.611676E-10,,,,,,90000,-88.55598,-90.32999,,,,,,,,,,,,,,,,,,,,,124337024,0,1,4,1,,,,,,,,,,,,,,,,
,3985293898.81023,2.57004380226135,0.231364846229553,0,0.123,,,,,,,,,,,,,,,,,,,,,0.02066869,0.0155557,-53.13771,,,143.4326,4.594492,0.0005,0,1.722683E-08,1.033427E-08,-1.378283E-08,,,,,,90000,-88.02016,-80.37878,426327424,0,1,4,1,,,,,,,,,,,,,,,,
,3985293988.50446,2.56490278244019,-0.0177972950041294,0,0.122,-0.003569383,-0.02024224,-172.788,,,128.1738,4.595323,0.0005,0,1.79888E-09,-1.784648E-09,-2.258343E-10,,,,,,90000,-87.79385,-76.18681,,,,,,,,,,,,,,,,,,,,,124337024,0,1,4,1,,,,,,,,,,,,,,,,
,3985294016.12373,2.56513142585754,-0.0177972950041294,0,0.122,,,,,,,,,,,,,,,,,,,,,0.02014151,0.01667986,-52.49783,,,143.4326,4.594492,0.0005,0,1.654209E-08,1.007068E-08,-1.312334E-08,,,,,,90000,-94.21245,-83.10089,426327424,0,1,4,1,,,,,,,,,,,,,,,,
,3985294103.84352,2.56031799316406,0.266959428787231,0,0.121,-0.00599086,-0.01979391,-166.8743,,,128.1738,4.595323,0.0005,0,3.075711E-09,-2.995356E-09,-6.984561E-10,,,,,,90000,-83.38622,-88.41095,,,,,,,,,,,,,,,,,,,,,124337024,0,1,4,1,,,,,,,,,,,,,,,,
,3985294130.10163,2.55981922149658,0.231364846229553,0,0.121,,,,,,,,,,,,,,,,,,,,,0.02028295,0.0163424,-51.95127,,,143.4326,4.594492,0.0005,0,1.645446E-08,1.01414E-08,-1.295767E-08,,,,,,90000,-85.44437,-93.39118,426327424,0,1,4,1,,,,,,,,,,,,,,,,
,3985294217.98988,2.55505132675171,0.266959428787231,0,0.12,-0.003866069,-0.02100223,-168.2568,,,128.1738,4.595323,0.0005,0,1.97431E-09,-1.932987E-09,-4.01824E-10,,,,,,90000,-88.86715,-75.35738,,,,,,,,,,,,,,,,,,,,,124337024,0,1,4,1,,,,,,,,,,,,,,,,
,3985294246.27651,2.55482268333435,0.231364846229553,0,0.12,,,,,,,,,,,,,,,,,,,,,0.02033434,0.01583214,-54.12141,,,143.4326,4.594492,0.0005,0,1.734793E-08,1.01671E-08,-1.405635E-08,,,,,,90000,-82.77245,-80.29517,426327424,0,1,4,1,,,,,,,,,,,,,,,,
,3985294333.76403,2.54997515678406,-0.30255401134491,0,0.119,-0.006188067,-0.02126811,171.0471,,,128.1738,4.595323,0.0005,0,3.132117E-09,-3.093958E-09,4.874277E-10,,,,,,90000,-82.45007,-79.80331,,,,,,,,,,,,,,,,,,,,,124337024,0,1,4,1,,,,,,,,,,,,,,,,
,3985294360.06334,2.55017185211182,-0.355945914983749,0,0.119,,,,,,,,,,,,,,,,,,,,,0.02029198,0.01573121,-53.38613,,,143.4326,4.594492,0.0005,0,1.701138E-08,1.014591E-08,-1.365458E-08,,,,,,90000,-85.84077,-88.88429,426327424,0,1,4,1,,,,,,,,,,,,,,,,
,3985294448.45566,2.54523539543152,-0.33814862370491,0,0.119,-0.004615398,-0.01971783,-171.4607,,,128.1738,4.595323,0.0005,0,2.333511E-09,-2.307642E-09,-3.464974E-10,,,,,,90000,-79.79814,-75.33034,,,,,,,,,,,,,,,,,,,,,124337024,0,1,4,1,,,,,,,,,,,,,,,,
,3985294476.83384,2.54492783546448,-0.284756720066071,0,0.119,,,,,,,,,,,,,,,,,,,,,0.01964016,0.0164665,-52.33797,,,143.4326,4.594492,0.0005,0,1.607196E-08,9.820008E-09,-1.272302E-08,,,,,,90000,-86.69092,-83.97746,426327424,0,1,4,1,,,,,,,,,,,,,,,,
,3985294566.27024,2.53997755050659,-0.409337788820267,0,0.118,-0.004399886,-0.02037284,179.2926,,,128.1738,4.595323,0.0005,0,2.200057E-09,-2.199889E-09,2.716271E-11,,,,,,90000,-93.98959,-78.55621,,,,,,,,,,,,,,,,,,,,,124337024,0,1,4,1,,,,,,,,,,,,,,,,
,3985294592.74905,2.54012322425842,-0.622905373573303,0,0.118,,,,,,,,,,,,,,,,,,,,,0.01963366,0.01610457,-53.74597,,,143.4326,4.594492,0.0005,0,1.660012E-08,9.816755E-09,-1.338639E-08,,,,,,90000,-89.29839,-91.83267,426327424,0,1,4,1,,,,,,,,,,,,,,,,
,3985294679.95029,2.53498840332031,-0.355945914983749,0,0.117,-0.004206017,-0.02069345,183.7073,,,128.1738,4.595323,0.0005,0,2.107367E-09,-2.102957E-09,-1.362619E-10,,,,,,90000,-89.0348,-78.20913,,,,,,,,,,,,,,,,,,,,,124337024,0,1,4,1,,,,,,,,,,,,,,,,
,3985294708.19681,2.53491187095642,-0.30255401134491,0,0.117,,,,,,,,,,,,,,,,,,,,,0.01978283,0.0152795,-54.7186,,,143.4326,4.594492,0.0005,0,1.712512E-08,9.891342E-09,-1.397966E-08,,,,,,90000,-85.59395,-93.48579,426327424,0,1,4,1,,,,,,,,,,,,,,,,
,3985294795.22619,2.52984523773193,-0.30255401134491,0,0.116,-0.005674744,-0.02005954,-164.7341,,,128.1738,4.595323,0.0005,0,2.941081E-09,-2.837303E-09,-7.743851E-10,,,,,,90000,-87.08646,-81.3445,,,,,,,,,,,,,,,,,,,,,124337024,0,1,4,1,,,,,,,,,,,,,,,,
,3985294821.86041,2.53017783164978,-0.284756720066071,0,0.116,,,,,,,,,,,,,,,,,,,,,0.02027425,0.0161497,-53.19255,,,143.4326,4.594492,0.0005,0,1.691969E-08,1.013705E-08,-1.354681E-08,,,,,,90000,-88.57148,-84.38439,426327424,0,1,4,1,,,,,,,,,,,,,,,,
,3985294910.48643,2.52492904663086,-0.30255401134491,0,0.116,-0.00626503,-0.02128146,171.4023,,,128.1738,4.595323,0.0005,0,3.168039E-09,-3.132438E-09,4.736082E-10,,,,,,90000,-82.92613,-73.16543,,,,,,,,,,,,,,,,,,,,,124337024,0,1,4,1,,,,,,,,,,,,,,,,
,3985294939.03238,2.52515244483948,-0.30255401134491,0,0.116,,,,,,,,,,,,,,,,,,,,,0.02075603,0.01550217,-54.08734,,,143.4326,4.594492,0.0005,0,1.769314E-08,1.037794E-08,-1.432989E-08,,,,,,90000,-83.17204,-87.30155,426327424,0,1,4,1,,,,,,,,,,,,,,,,
,3985295028.13042,2.52002549171448,-0.605108022689819,0,0.115,-0.004544669,-0.01988366,-166.0257,,,128.1738,4.595323,0.0005,0,2.341579E-09,-2.272279E-09,-5.654585E-10,,,,,,90000,-87.46797,-84.0358,,,,,,,,,,,,,,,,,,,,,124337024,0,1,4,1,,,,,,,,,,,,,,,,
,3985295054.7535,2.51994037628174,0.213567554950714,0,0.115,,,,,,,,,,,,,,,,,,,,,0.01923506,0.01583486,-54.81229,,,143.4326,4.594492,0.0005,0,1.668953E-08,9.61746E-09,-1.363983E-08,,,,,,90000,-82.81744,-93.26081,426327424,0,1,4,1,,,,,,,,,,,,,,,,
,3985295142.38604,2.51494288444519,-0.249162137508392,0,0.114,-0.004436667,-0.01958818,177.8469,,,128.1738,4.595323,0.0005,0,2.219846E-09,-2.218279E-09,8.340071E-11,,,,,,90000,-96.37852,-78.79493,,,,,,,,,,,,,,,,,,,,,124337024,0,1,4,1,,,,,,,,,,,,,,,,
,3985295170.30327,2.51502752304077,-0.30255401134491,0,0.114,,,,,,,,,,,,,,,,,,,,,0.01941563,0.01601295,-54.90184,,,143.4326,4.594492,0.0005,0,1.688365E-08,9.707745E-09,-1.381367E-08,,,,,,90000,-82.99028,-89.45427,426327424,0,1,4,1,,,,,,,,,,,,,,,,
,3985295257.95526,2.5098934173584,-0.33814862370491,0,0.113,-0.00541112,-0.02031938,181.188,,,128.1738,4.595323,0.0005,0,2.706075E-09,-2.705493E-09,-5.610673E-11,,,,,,90000,-87.42448,-83.13829,,,,,,,,,,,,,,,,,,,,,124337024,0,1,4,1,,,,,,,,,,,,,,,,
,3985295285.08751,2.51022005081177,-0.373743206262589,0,0.113,,,,,,,,,,,,,,,,,,,,,0.02039052,0.01665202,-52.61018,,,143.4326,4.594492,0.0005,0,1.678953E-08,1.019518E-08,-1.333966E-08,,,,,,90000,-83.90801,-90.1762,426327424,0,1,4,1,,,,,,,,,,,,,,,,
,3985295374.2803,2.50494837760925,-0.320351332426071,0,0.113,-0.006077546,-0.02112619,180.7324,,,128.1738,4.595323,0.0005,0,3.038946E-09,-3.038698E-09,-3.884308E-11,,,,,,90000,-82.47939,-88.12135,,,,,,,,,,,,,,,,,,,,,124337024,0,1,4,1,,,,,,,,,,,,,,,,
,3985295401.93676,2.50475406646729,-0.58731073141098,0,0.113,,,,,,,,,,,,,,,,,,,,,0.02242908,0.01734479,-51.2136,,,143.4326,4.594492,0.0005,0,1.790249E-08,1.121446E-08,-1.395475E-08,,,,,,90000,-83.52357,-81.11496,426327424,0,1,4,1,,,,,,,,,,,,,,,,
,3985295489.84767,2.50013780593872,-0.605108022689819,0,0.112,-0.004619841,-0.01954814,183.7726,,,128.1738,4.595323,0.0005,0,2.31488E-09,-2.309864E-09,-1.523096E-10,,,,,,90000,-103.59,-106.7411,,,,,,,,,,,,,,,,,,,,,124337024,0,1,4,1,,,,,,,,,,,,,,,,
,3985295516.17674,2.50009226799011,-0.320351332426071,0,0.112,,,,,,,,,,,,,,,,,,,,,0.02127152,0.01627507,-51.36207,,,143.4326,4.594492,0.0005,0,1.703353E-08,1.063568E-08,-1.330502E-08,,,,,,90000,-83.57743,-82.95956,426327424,0,1,4,1,,,,,,,,,,,,,,,,
,3985295604.14247,2.49499225616455,-0.284756720066071,0,0.111,-0.005976143,-0.01971292,170.4721,,,128.1738,4.595323,0.0005,0,3.029794E-09,-2.987998E-09,5.015149E-10,,,,,,90000,-90.34805,-78.42212,,,,,,,,,,,,,,,,,,,,,124337024,0,1,4,1,,,,,,,,,,,,,,,,
,3985295632.16273,2.4948353767395,-0.33814862370491,0,0.111,,,,,,,,,,,,,,,,,,,,,0.02060727,0.01725503,-52.55391,,,143.4326,4.594492,0.0005,0,1.694624E-08,1.030356E-08,-1.345405E-08,,,,,,90000,-85.45279,-92.55826,426327424,0,1,4,1,,,,,,,,,,,,,,,,
,3985295720.26002,2.48994517326355,-0.320351332426071,0,0.111,-0.005626028,-0.02046522,185.4544,,,128.1738,4.595323,0.0005,0,2.82574E-09,-2.812945E-09,-2.685983E-10,,,,,,90000,-89.24468,-85.38825,,,,,,,,,,,,,,,,,,,,,124337024,0,1,4,1,,,,,,,,,,,,,,,,
,3985295746.77496,2.49001622200012,-0.551716148853302,0,0.111,,,,,,,,,,,,,,,,,,,,,0.01972939,0.01580537,-55.56419,,,143.4326,4.594492,0.0005,0,1.744461E-08,9.864622E-09,-1.438762E-08,,,,,,90000,-87.74228,-87.58729,426327424,0,1,4,1,,,,,,,,,,,,,,,,
,3985295833.92343,2.4847993850708,-0.284756720066071,0,0.11,-0.00580423,-0.02044484,-170.4288,,,128.1738,4.595323,0.0005,0,2.943011E-09,-2.902043E-09,-4.893419E-10,,,,,,90000,-94.87922,-75.19037,,,,,,,,,,,,,,,,,,,,,124337024,0,1,4,1,,,,,,,,,,,,,,,,
,3985295862.07841,2.48512721061707,-0.284756720066071,0,0.11,,,,,,,,,,,,,,,,,,,,,0.01908134,0.0160401,-54.51501,,,143.4326,4.594492,0.0005,0,1.643543E-08,9.540599E-09,-1.338284E-08,,,,,,90000,-84.78351,-80.34873,426327424,0,1,4,1,,,,,,,,,,,,,,,,
,3985295949.24403,2.4800980091095,-0.33814862370491,0,0.109,-0.005485162,-0.01981468,171.1205,,,128.1738,4.595323,0.0005,0,2.775781E-09,-2.742514E-09,4.284602E-10,,,,,,90000,-84.54907,-83.18381,,,,,,,,,,,,,,,,,,,,,124337024,0,1,4,1,,,,,,,,,,,,,,,,
,3985295975.77987,2.48002123832703,-0.266959428787231,0,0.109,,,,,,,,,,,,,,,,,,,,,0.01931185,0.0151083,-55.65789,,,143.4326,4.594492,0.0005,0,1.711627E-08,9.655854E-09,-1.413263E-08,,,,,,90000,-81.75302,-89.18906,426327424,0,1,4,1,,,,,,,,,,,,,,,,
,3985296064.63218,2.47518229484558,-0.33814862370491,0,0.109,-0.006263862,-0.01959734,-172.2241,,,128.1738,4.595323,0.0005,0,3.16092E-09,-3.131854E-09,-4.276709E-10,,,,,,90000,-85.16277,-87.6604,,,,,,,,,,,,,,,,,,,,,124337024,0,1,4,1,,,,,,,,,,,,,,,,
,3985296092.39312,2.47487878799438,-0.33814862370491,0,0.109,,,,,,,,,,,,,,,,,,,,,0.0188601,0.01509929,-55.10629,,,143.4326,4.594492,0.0005,0,1.648437E-08,9.429982E-09,-1.352073E-08,,,,,,90000,-87.90399,-92.20134,426327424,0,1,4,1,,,,,,,,,,,,,,,,
,3985296179.80518,2.46969246864319,-0.284756720066071,0,0.108,-0.004162809,-0.02057535,181.1964,,,128.1738,4.595323,0.0005,0,2.081807E-09,-2.081354E-09,-4.346661E-11,,,,,,90000,-88.28949,-86.17466,,,,,,,,,,,,,,,,,,,,,124337024,0,1,4,1,,,,,,,,,,,,,,,,
,3985296206.15992,2.46970748901367,-0.266959428787231,0,0.108,,,,,,,,,,,,,,,,,,,,,0.01911175,0.01585692,-55.62281,,,143.4326,4.594492,0.0005,0,1.692375E-08,9.555804E-09,-1.396782E-08,,,,,,90000,-83.57552,-85.90766,426327424,0,1,4,1,,,,,,,,,,,,,,,,
,3985296295.27321,2.46500873565674,0.231364846229553,0,0.107,-0.005935631,-0.02100411,176.1247,,,128.1738,4.595323,0.0005,0,2.974544E-09,-2.967743E-09,2.01033E-10,,,,,,90000,-85.43294,-86.85635,,,,,,,,,,,,,,,,,,,,,124337024,0,1,4,1,,,,,,,,,,,,,,,,
,3985296322.74401,2.46516537666321,0.231364846229553,0,0.107,,,,,,,,,,,,,,,,,,,,,0.02121699,0.01635972,-53.08941,,,143.4326,4.594492,0.0005,0,1.766397E-08,1.060842E-08,-1.412365E-08,,,,,,90000,-108.6171,-86.46181,426327424,0,1,4,1,,,,,,,,,,,,,,,,
,3985296411.88778,2.4600031375885,0.231364846229553,0,0.107,-0.004521849,-0.02072162,170.561,,,128.1738,4.595323,0.0005,0,2.2919E-09,-2.260869E-09,3.758662E-10,,,,,,90000,-88.53157,-87.52471,,,,,,,,,,,,,,,,,,,,,124337024,0,1,4,1,,,,,,,,,,,,,,,,
,3985296438.18519,2.45982480049133,0.177972957491875,0,0.107,,,,,,,,,,,,,,,,,,,,,0.02009887,0.01529792,-54.12036,,,143.4326,4.594492,0.0005,0,1.71466E-08,1.004936E-08,-1.389304E-08,,,,,,90000,-83.49609,-110.532,426327424,0,1,4,1,,,,,,,,,,,,,,,,
,3985296526.6715,2.45510101318359,0.231364846229553,0,0.106,-0.005169543,-0.02003143,-169.7519,,,128.1738,4.595323,0.0005,0,2.626611E-09,-2.584708E-09,-4.673018E-10,,,,,,90000,-81.78367,-81.42983,,,,,,,,,,,,,,,,,,,,,124337024,0,1,4,1,,,,,,,,,,,,,,,,
,3985296554.46443,2.45493483543396,0.195770248770714,0,0.106,,,,,,,,,,,,,,,,,,,,,0.02025779,0.01603898,-53.36854,,,143.4326,4.594492,0.0005,0,1.697571E-08,1.012882E-08,-1.362284E-08,,,,,,90000,-95.92503,-83.71018,426327424,0,1,4,1,,,,,,,,,,,,,,,,
,3985296641.82057,2.44927573204041,-0.30255401134491,0,0.105,-0.006284964,-0.01904636,-165.6031,,,128.1738,4.595323,0.0005,0,3.244286E-09,-3.142405E-09,-8.06651E-10,,,,,,90000,-83.79935,-75.52314,,,,,,,,,,,,,,,,,,,,,124337024,0,1,4,1,,,,,,,,,,,,,,,,
,3985296668.26182,2.4499876499176,-0.284756720066071,0,0.105,,,,,,,,,,,,,,,,,,,,,0.02064689,0.01621513,-53.72883,,,143.4326,4.594492,0.0005,0,1.744968E-08,1.032337E-08,-1.406839E-08,,,,,,90000,-85.8063,-92.22263,426327424,0,1,4,1,,,,,,,,,,,,,,,,
,3985296757.5341,2.44497489929199,-0.409337788820267,0,0.105,-0.004380434,-0.02036973,-166.5647,,,128.1738,4.595323,0.0005,0,2.251788E-09,-2.190163E-09,-5.231962E-10,,,,,,90000,-83.11063,-84.41237,,,,,,,,,,,,,,,,,,,,,124337024,0,1,4,1,,,,,,,,,,,,,,,,
,3985296784.81206,2.44499564170837,-0.33814862370491,0,0.105,,,,,,,,,,,,,,,,,,,,,0.01976484,0.01552995,-53.75133,,,143.4326,4.594492,0.0005,0,1.671317E-08,9.882347E-09,-1.347848E-08,,,,,,90000,-86.20078,-86.99973,426327424,0,1,4,1,,,,,,,,,,,,,,,,
,3985296872.19764,2.44002652168274,-0.391540497541428,0,0.104,-0.004397675,-0.01947977,-164.6518,,,128.1738,4.595323,0.0005,0,2.280103E-09,-2.198783E-09,-6.035092E-10,,,,,,90000,-86.24741,-79.94801,,,,,,,,,,,,,,,,,,,,,124337024,0,1,4,1,,,,,,,,,,,,,,,,
,3985296899.23837,2.44001626968384,0.0177972950041294,0,0.104,,,,,,,,,,,,,,,,,,,,,0.01919258,0.01529614,-56.37768,,,143.4326,4.594492,0.0005,0,1.733058E-08,9.596221E-09,-1.443127E-08,,,,,,90000,-92.58243,-85.33051,426327424,0,1,4,1,,,,,,,,,,,,,,,,
,3985296988.61506,2.43494009971619,0.0177972950041294,0,0.103,-0.005164019,-0.02000848,171.8223,,,128.1738,4.595323,0.0005,0,2.60847E-09,-2.581946E-09,3.710378E-10,,,,,,90000,-88.07959,-83.78191,,,,,,,,,,,,,,,,,,,,,124337024,0,1,4,1,,,,,,,,,,,,,,,,
,3985297016.33915,2.43500876426697,-0.0355945900082588,0,0.103,,,,,,,,,,,,,,,,,,,,,0.02091654,0.01568091,-54.18532,,,143.4326,4.594492,0.0005,0,1.78722E-08,1.045819E-08,-1.449281E-08,,,,,,90000,-83.79118,-87.05548,426327424,0,1,4,1,,,,,,,,,,,,,,,,
,3985297104.16212,2.42980480194092,0.0533918887376785,0,0.103,-0.005459838,-0.02005828,181.0998,,,128.1738,4.595323,0.0005,0,2.730355E-09,-2.729852E-09,-5.240667E-11,,,,,,90000,-84.99138,-87.16006,,,,,,,,,,,,,,,,,,,,,124337024,0,1,4,1,,,,,,,,,,,,,,,,
,3985297130.82867,2.42988634109497,-0.0355945900082588,0,0.103,,,,,,,,,,,,,,,,,,,,,0.01913547,0.01615132,-55.76147,,,143.4326,4.594492,0.0005,0,1.700496E-08,9.567662E-09,-1.405804E-08,,,,,,90000,-105.911,-97.32585,426327424,0,1,4,1,,,,,,,,,,,,,,,,
,3985297220.38593,2.42499184608459,0.0355945900082588,0,0.102,-0.005682291,-0.01939432,-173.0427,,,128.1738,4.595323,0.0005,0,2.86215E-09,-2.841075E-09,-3.466891E-10,,,,,,90000,-88.36651,-86.52634,,,,,,,,,,,,,,,,,,,,,124337024,0,1,4,1,,,,,,,,,,,,,,,,
,3985297248.93588,2.42480301856995,-0.249162137508392,0,0.102,,,,,,,,,,,,,,,,,,,,,0.02075053,0.01641932,-52.3704,,,143.4326,4.594492,0.0005,0,1.699306E-08,1.037519E-08,-1.345806E-08,,,,,,90000,-85.61803,-87.82277,426327424,0,1,4,1,,,,,,,,,,,,,,,,
,3985297337.7955,2.42003393173218,0.0177972950041294,0,0.102,-0.005512243,-0.01935743,-164.8586,,,128.1738,4.595323,0.0005,0,2.855173E-09,-2.756054E-09,-7.457773E-10,,,,,,90000,-94.60236,-87.397,,,,,,,,,,,,,,,,,,,,,124337024,0,1,4,1,,,,,,,,,,,,,,,,
,3985297364.27128,2.41991949081421,-0.30255401134491,0,0.102,,,,,,,,,,,,,,,,,,,,,0.01889153,0.01506162,-55.43329,,,143.4326,4.594492,0.0005,0,1.664835E-08,9.445698E-09,-1.370935E-08,,,,,,90000,-81.53873,-85.47843,426327424,0,1,4,1,,,,,,,,,,,,,,,,
,3985297452.49146,2.41510963439941,-0.0355945900082588,0,0.101,-0.006064475,-0.02008599,183.5104,,,128.1738,4.595323,0.0005,0,3.037863E-09,-3.032163E-09,-1.860094E-10,,,,,,90000,-86.68564,-87.6084,,,,,,,,,,,,,,,,,,,,,124337024,0,1,4,1,,,,,,,,,,,,,,,,
,3985297480.33369,2.41510653495789,0.0355945900082588,0,0.101,,,,,,,,,,,,,,,,,,,,,0.02001131,0.01535344,-52.82394,,,143.4326,4.594492,0.0005,0,1.655823E-08,1.000558E-08,-1.319331E-08,,,,,,90000,-88.1231,-85.76711,426327424,0,1,4,1,,,,,,,,,,,,,,,,
,3985297568.10352,2.4100387096405,0,0,0.101,-0.005248142,-0.02071447,168.5382,,,128.1738,4.595323,0.0005,0,2.677401E-09,-2.624007E-09,5.320375E-10,,,,,,90000,-92.16299,-78.49084,,,,,,,,,,,,,,,,,,,,,124337024,0,1,4,1,,,,,,,,,,,,,,,,
,3985297594.87827,2.41001272201538,0.0177972950041294,0,0.1,,,,,,,,,,,,,,,,,,,,,0.0201131,0.0164123,-54.06465,,,143.4326,4.594492,0.0005,0,1.713572E-08,1.005647E-08,-1.387444E-08,,,,,,90000,-95.65672,-92.89646,426327424,0,1,4,1,,,,,,,,,,,,,,,,
,3985297684.50114,2.40513706207275,-0.0533918887376785,0,0.1,-0.005793685,-0.02127948,180.3114,,,128.1738,4.595323,0.0005,0,2.896814E-09,-2.896771E-09,-1.57425E-11,,,,,,90000,-95.64861,-77.73339,,,,,,,,,,,,,,,,,,,,,124337024,0,1,4,1,,,,,,,,,,,,,,,,
,3985297711.97873,2.40529179573059,-0.0355945900082588,0,0.1,,,,,,,,,,,,,,,,,,,,,0.02015754,0.01636642,-53.67681,,,143.4326,4.594492,0.0005,0,1.701507E-08,1.007869E-08,-1.370884E-08,,,,,,90000,-86.15813,-96.20073,426327424,0,1,4,1,,,,,,,,,,,,,,,,
,3985297799.80991,2.40005993843079,-0.0177972950041294,0,0.099,-0.005602505,-0.01985371,-161.8045,,,128.1738,4.595323,0.0005,0,2.948624E-09,-2.801184E-09,-9.207366E-10,,,,,,90000,-95.42023,-94.789,,,,,,,,,,,,,,,,,,,,,124337024,0,1,4,1,,,,,,,,,,,,,,,,
,3985297826.15157,2.40005850791931,-0.231364846229553,0,0.099,,,,,,,,,,,,,,,,,,,,,0.02064715,0.01678243,-51.63275,,,143.4326,4.594492,0.0005,0,1.663203E-08,1.03235E-08,-1.304032E-08,,,,,,90000,-87.26505,-84.47035,426327424,0,1,4,1,,,,,,,,,,,,,,,,
,3985297914.62734,2.39498853683472,0.0177972950041294,0,0.099,-0.006148831,-0.01975657,-171.3867,,,128.1738,4.595323,0.0005,0,3.109409E-09,-3.07434E-09,-4.656784E-10,,,,,,90000,-92.14218,-110.2191,,,,,,,,,,,,,,,,,,,,,124337024,0,1,4,1,,,,,,,,,,,,,,,,
,3985297942.40254,2.39519643783569,-0.231364846229553,0,0.099,,,,,,,,,,,,,,,,,,,,,0.02113491,0.01555465,-52.85507,,,143.4326,4.594492,0.0005,0,1.750049E-08,1.056738E-08,-1.394983E-08,,,,,,90000,-82.48598,-81.32597,426327424,0,1,4,1,,,,,,,,,,,,,,,,
,3985298030.27802,2.39003968238831,-0.142378360033035,0,0.098,-0.007452085,-0.02068681,181.2145,,,128.1738,4.595323,0.0005,0,3.726788E-09,-3.725951E-09,-7.899142E-11,,,,,,90000,-82.08479,-85.97192,,,,,,,,,,,,,,,,,,,,,124337024,0,1,4,1,,,,,,,,,,,,,,,,
,3985298056.81964,2.38990068435669,-0.0177972950041294,0,0.098,,,,,,,,,,,,,,,,,,,,,0.01990009,0.01538776,-54.12618,,,143.4326,4.594492,0.0005,0,1.697941E-08,9.949972E-09,-1.375858E-08,,,,,,90000,-88.14258,-84.20735,426327424,0,1,4,1,,,,,,,,,,,,,,,,
,3985298144.48358,2.38506579399109,0,0,0.098,-0.004842551,-0.02123301,181.3296,,,128.1738,4.595323,0.0005,0,2.421868E-09,-2.421216E-09,-5.619551E-11,,,,,,90000,-85.33112,-80.18457,,,,,,,,,,,,,,,,,,,,,124337024,0,1,4,1,,,,,,,,,,,,,,,,
,3985298172.94494,2.38552689552307,-0.0711891800165176,0,0.098,,,,,,,,,,,,,,,,,,,,,0.01918068,0.01524928,-55.19558,,,143.4326,4.594492,0.0005,0,1.680213E-08,9.590271E-09,-1.379632E-08,,,,,,90000,-99.11869,-83.28735,426327424,0,1,4,1,,,,,,,,,,,,,,,,
,3985298262.30268,2.38007616996765,0.0177972950041294,0,0.097,-0.005714615,-0.01958827,175.0725,,,128.1738,4.595323,0.0005,0,2.867836E-09,-2.857238E-09,2.463327E-10,,,,,,90000,-85.10426,-81.71838,,,,,,,,,,,,,,,,,,,,,124337024,0,1,4,1,,,,,,,,,,,,,,,,
,3985298288.66917,2.38009452819824,-0.320351332426071,0,0.097,,,,,,,,,,,,,,,,,,,,,0.019229,0.01578517,-55.99362,,,143.4326,4.594492,0.0005,0,1.719056E-08,9.614427E-09,-1.425055E-08,,,,,,90000,-81.55905,-80.53654,426327424,0,1,4,1,,,,,,,,,,,,,,,,
,3985298378.87962,2.3750741481781,0.516121566295624,0,0.096,-0.0063398,-0.02099183,184.0199,,,128.1738,4.595323,0.0005,0,3.17764E-09,-3.169822E-09,-2.227592E-10,,,,,,90000,-86.26897,-84.81789,,,,,,,,,,,,,,,,,,,,,124337024,0,1,4,1,,,,,,,,,,,,,,,,
,3985298407.26569,2.3750741481781,0.498324275016785,0,0.096,,,,,,,,,,,,,,,,,,,,,0.0212918,0.01685933,-52.47036,,,143.4326,4.594492,0.0005,0,1.747589E-08,1.064582E-08,-1.385905E-08,,,,,,90000,-85.91648,-85.86021,426327424,0,1,4,1,,,,,,,,,,,,,,,,
,3985298495.24844,2.37006759643555,0.516121566295624,0,0.096,-0.006204056,-0.02069233,182.2714,,,128.1738,4.595323,0.0005,0,3.104391E-09,-3.101952E-09,-1.230377E-10,,,,,,90000,-83.29184,-81.99277,,,,,,,,,,,,,,,,,,,,,124337024,0,1,4,1,,,,,,,,,,,,,,,,
,3985298521.86211,2.36997389793396,0.355945914983749,0,0.096,,,,,,,,,,,,,,,,,,,,,0.02011831,0.01649535,-52.97238,,,143.4326,4.594492,0.0005,0,1.670389E-08,1.005908E-08,-1.333547E-08,,,,,,90000,-86.67474,-83.93063,426327424,0,1,4,1,,,,,,,,,,,,,,,,
,3985298610.81808,2.36486601829529,0.266959428787231,0,0.095,-0.006419387,-0.02083889,183.2587,,,128.1738,4.595323,0.0005,0,3.214813E-09,-3.209615E-09,-1.827413E-10,,,,,,90000,-95.98131,-89.04603,,,,,,,,,,,,,,,,,,,,,124337024,0,1,4,1,,,,,,,,,,,,,,,,
,3985298638.74106,2.3648087978363,0.58731073141098,0,0.095,,,,,,,,,,,,,,,,,,,,,0.0205383,0.01602492,-53.71408,,,143.4326,4.594492,0.0005,0,1.735183E-08,1.026907E-08,-1.398686E-08,,,,,,90000,-84.97578,-81.55551,426327424,0,1,4,1,,,,,,,,,,,,,,,,
,3985298728.60156,2.36001634597778,0.0889864787459373,0,0.095,-0.004370665,-0.01984354,170.7384,,,128.1738,4.595323,0.0005,0,2.214143E-09,-2.185279E-09,3.563475E-10,,,,,,90000,-99.45335,-79.37771,,,,,,,,,,,,,,,,,,,,,124337024,0,1,4,1,,,,,,,,,,,,,,,,
,3985298755.10946,2.35983562469482,0.0355945900082588,0,0.095,,,,,,,,,,,,,,,,,,,,,0.01874381,0.01511374,-54.89608,,,143.4326,4.594492,0.0005,0,1.629711E-08,9.371836E-09,-1.333283E-08,,,,,,90000,-90.11077,-91.83035,426327424,0,1,4,1,,,,,,,,,,,,,,,,
,3985298843.08258,2.35511016845703,-0.30255401134491,0,0.094,-0.005192324,-0.02087046,176.433,,,128.1738,4.595323,0.0005,0,2.601137E-09,-2.596098E-09,1.618295E-10,,,,,,90000,-97.05206,-89.76005,,,,,,,,,,,,,,,,,,,,,124337024,0,1,4,1,,,,,,,,,,,,,,,,
,3985298870.43803,2.35514783859253,0.0533918887376785,0,0.094,,,,,,,,,,,,,,,,,,,,,0.01940059,0.01580963,-55.22544,,,143.4326,4.594492,0.0005,0,1.700752E-08,9.700223E-09,-1.397002E-08,,,,,,90000,-85.86594,-94.00334,426327424,0,1,4,1,,,,,,,,,,,,,,,,
,3985298958.20202,2.34989619255066,0.0177972950041294,0,0.094,-0.006525066,-0.01975371,-167.3576,,,128.1738,4.595323,0.0005,0,3.343516E-09,-3.262453E-09,-7.317814E-10,,,,,,90000,-87.63335,-78.41756,,,,,,,,,,,,,,,,,,,,,124337024,0,1,4,1,,,,,,,,,,,,,,,,
,3985298984.80144,2.35011315345764,0.0711891800165176,0,0.094,,,,,,,,,,,,,,,,,,,,,0.01999698,0.0161043,-53.34465,,,143.4326,4.594492,0.0005,0,1.674777E-08,9.998418E-09,-1.343575E-08,,,,,,90000,-90.40881,-85.04204,426327424,0,1,4,1,,,,,,,,,,,,,,,,
,3985299073.51227,2.34482431411743,-0.0355945900082588,0,0.093,-0.00604064,-0.02040158,-173.0154,,,128.1738,4.595323,0.0005,0,3.042827E-09,-3.020246E-09,-3.700141E-10,,,,,,90000,-90.7251,-84.63542,,,,,,,,,,,,,,,,,,,,,124337024,0,1,4,1,,,,,,,,,,,,,,,,
,3985299101.0644,2.34497857093811,0,0,0.093,,,,,,,,,,,,,,,,,,,,,0.01943662,0.01547294,-53.93148,,,143.4326,4.594492,0.0005,0,1.650649E-08,9.718237E-09,-1.334242E-08,,,,,,90000,-103.5226,-101.226,426327424,0,1,4,1,,,,,,,,,,,,,,,,
,3985299189.88968,2.33993744850159,0.106783777475357,0,0.093,-0.005753871,-0.02086872,173.5813,,,128.1738,4.595323,0.0005,0,2.895012E-09,-2.876865E-09,3.236445E-10,,,,,,90000,-90.68655,-87.2751,,,,,,,,,,,,,,,,,,,,,124337024,0,1,4,1,,,,,,,,,,,,,,,,
,3985299216.17213,2.33997559547424,0.0355945900082588,0,0.093,,,,,,,,,,,,,,,,,,,,,0.01963171,0.01600383,-53.56203,,,143.4326,4.594492,0.0005,0,1.652621E-08,9.81578E-09,-1.329534E-08,,,,,,90000,-93.20016,-91.19038,426327424,0,1,4,1,,,,,,,,,,,,,,,,
,3985299305.16966,2.3350989818573,0.0533918887376785,0,0.092,-0.005439914,-0.01873,-158.7558,,,128.1738,4.595323,0.0005,0,2.918197E-09,-2.71989E-09,-1.057388E-09,,,,,,90000,-85.53532,-75.9042,,,,,,,,,,,,,,,,,,,,,124337024,0,1,4,1,,,,,,,,,,,,,,,,
,3985299332.46235,2.3350977897644,-0.106783777475357,0,0.092,,,,,,,,,,,,,,,,,,,,,0.02071163,0.0170629,-52.20379,,,143.4326,4.594492,0.0005,0,1.689754E-08,1.035574E-08,-1.335236E-08,,,,,,90000,-85.40643,-90.18985,426327424,0,1,4,1,,,,,,,,,,,,,,,,
,3985299420.20324,2.33026337623596,0.0711891800165176,0,0.092,-0.003972628,-0.01964271,-164.2787,,,128.1738,4.595323,0.0005,0,2.063457E-09,-1.986265E-09,-5.591101E-10,,,,,,90000,-87.59163,-84.89012,,,,,,,,,,,,,,,,,,,,,124337024,0,1,4,1,,,,,,,,,,,,,,,,
,3985299446.82908,2.32994437217712,0.0533918887376785,0,0.092,,,,,,,,,,,,,,,,,,,,,0.01951793,0.01616127,-55.08715,,,143.4326,4.594492,0.0005,0,1.705117E-08,9.758894E-09,-1.398236E-08,,,,,,90000,-89.12663,-82.31439,426327424,0,1,4,1,,,,,,,,,,,,,,,,
,3985299535.43901,2.32484316825867,0.231364846229553,0,0.091,-0.004059296,-0.01922787,-171.4451,,,128.1738,4.595323,0.0005,0,2.052434E-09,-2.029598E-09,-3.053151E-10,,,,,,90000,-91.51732,-86.8054,,,,,,,,,,,,,,,,,,,,,124337024,0,1,4,1,,,,,,,,,,,,,,,,
,3985299563.15037,2.32505512237549,0.213567554950714,0,0.091,,,,,,,,,,,,,,,,,,,,,0.02220098,0.01633016,-51.35512,,,143.4326,4.594492,0.0005,0,1.777511E-08,1.110041E-08,-1.388292E-08,,,,,,90000,-85.81071,-85.20267,426327424,0,1,4,1,,,,,,,,,,,,,,,,
,3985299652.38877,2.31985974311829,0.249162137508392,0,0.09,-0.006283076,-0.01995601,-161.4729,,,128.1738,4.595323,0.0005,0,3.313171E-09,-3.141461E-09,-1.052771E-09,,,,,,90000,-83.36835,-83.24634,,,,,,,,,,,,,,,,,,,,,124337024,0,1,4,1,,,,,,,,,,,,,,,,
,3985299678.86307,2.31993556022644,-0.266959428787231,0,0.09,,,,,,,,,,,,,,,,,,,,,0.01815224,0.01476327,-57.62516,,,143.4326,4.594492,0.0005,0,1.695013E-08,9.076051E-09,-1.431546E-08,,,,,,90000,-90.37384,-79.03199,426327424,0,1,4,1,,,,,,,,,,,,,,,,
,3985299767.70023,2.314857006073,-0.249162137508392,0,0.09,-0.006167269,-0.02107339,171.6329,,,128.1738,4.595323,0.0005,0,3.116733E-09,-3.083559E-09,4.535335E-10,,,,,,90000,-86.87082,-82.10297,,,,,,,,,,,,,,,,,,,,,124337024,0,1,4,1,,,,,,,,,,,,,,,,
,3985299794.77143,2.31509971618652,-0.551716148853302,0,0.09,,,,,,,,,,,,,,,,,,,,,0.0203394,0.01627611,-53.55898,,,143.4326,4.594492,0.0005,0,1.712073E-08,1.016963E-08,-1.377309E-08,,,,,,90000,-87.39048,-85.46259,426327424,0,1,4,1,,,,,,,,,,,,,,,,
,3985299881.94639,2.30997896194458,-0.284756720066071,0,0.089,-0.006029034,-0.01996179,-162.8983,,,128.1738,4.595323,0.0005,0,3.153895E-09,-3.014443E-09,-9.274617E-10,,,,,,90000,-86.98337,-91.17828,,,,,,,,,,,,,,,,,,,,,124337024,0,1,4,1,,,,,,,,,,,,,,,,
,3985299909.20579,2.31006479263306,-0.533918857574463,0,0.089,,,,,,,,,,,,,,,,,,,,,0.02014372,0.01588923,-54.08169,,,143.4326,4.594492,0.0005,0,1.716885E-08,1.007179E-08,-1.390427E-08,,,,,,90000,-83.52409,-83.77902,426327424,0,1,4,1,,,,,,,,,,,,,,,,
,3985299998.01272,2.30516648292542,-0.533918857574463,0,0.089,-0.004960364,-0.02099977,180.7828,,,128.1738,4.595323,0.0005,0,2.480353E-09,-2.480121E-09,-3.388755E-11,,,,,,90000,-91.36521,-87.97096,,,,,,,,,,,,,,,,,,,,,124337024,0,1,4,1,,,,,,,,,,,,,,,,
,3985300025.38061,2.30495762825012,-0.284756720066071,0,0.089,,,,,,,,,,,,,,,,,,,,,0.01942678,0.01467915,-55.74096,,,143.4326,4.594492,0.0005,0,1.725477E-08,9.713318E-09,-1.426108E-08,,,,,,90000,-84.93365,-81.50932,426327424,0,1,4,1,,,,,,,,,,,,,,,,
,3985300114.07259,2.29993772506714,-0.320351332426071,0,0.088,-0.005360617,-0.02016021,180.2313,,,128.1738,4.595323,0.0005,0,2.680265E-09,-2.680243E-09,-1.082114E-11,,,,,,90000,-85.51076,-85.37968,,,,,,,,,,,,,,,,,,,,,124337024,0,1,4,1,,,,,,,,,,,,,,,,
,3985300141.1802,2.30014300346375,0.0533918887376785,0,0.088,,,,,,,,,,,,,,,,,,,,,0.01932027,0.01585805,-53.91694,,,143.4326,4.594492,0.0005,0,1.640197E-08,9.660066E-09,-1.325549E-08,,,,,,90000,-87.45376,-94.39347,426327424,0,1,4,1,,,,,,,,,,,,,,,,
,3985300230.03007,2.29517579078674,-0.0177972950041294,0,0.088,-0.003516269,-0.02082824,180.6654,,,128.1738,4.595323,0.0005,0,1.75821E-09,-1.758091E-09,-2.041947E-11,,,,,,90000,-95.98912,-79.38654,,,,,,,,,,,,,,,,,,,,,124337024,0,1,4,1,,,,,,,,,,,,,,,,
,3985300257.01734,2.29483795166016,-0.33814862370491,0,0.088,,,,,,,,,,,,,,,,,,,,,0.01901795,0.01582646,-54.36121,,,143.4326,4.594492,0.0005,0,1.631945E-08,9.508907E-09,-1.326292E-08,,,,,,90000,-87.88604,-98.00805,426327424,0,1,4,1,,,,,,,,,,,,,,,,
,3985300346.35542,2.29021310806274,-0.0711891800165176,0,0.087,-0.005373555,-0.02099164,-171.2326,,,128.1738,4.595323,0.0005,0,2.718476E-09,-2.686712E-09,-4.14361E-10,,,,,,90000,-90.32658,-87.89581,,,,,,,,,,,,,,,,,,,,,124337024,0,1,4,1,,,,,,,,,,,,,,,,
,3985300372.82796,2.29006457328796,0.0177972950041294,0,0.087,,,,,,,,,,,,,,,,,,,,,0.01964718,0.01652753,-53.9653,,,143.4326,4.594492,0.0005,0,1.669885E-08,9.823519E-09,-1.350371E-08,,,,,,90000,-91.41986,-94.73264,426327424,0,1,4,1,,,,,,,,,,,,,,,,
,3985300461.78092,2.28516745567322,-0.0355945900082588,0,0.087,-0.004957899,-0.01858461,-161.6895,,,128.1738,4.595323,0.0005,0,2.611094E-09,-2.478889E-09,-8.203196E-10,,,,,,90000,-84.33036,-97.15972,,,,,,,,,,,,,,,,,,,,,124337024,0,1,4,1,,,,,,,,,,,,,,,,
,3985300488.7743,2.28502869606018,-0.0355945900082588,0,0.087,,,,,,,,,,,,,,,,,,,,,0.02012791,0.01571453,-54.27572,,,143.4326,4.594492,0.0005,0,1.723606E-08,1.006388E-08,-1.399286E-08,,,,,,90000,-79.88667,-86.3502,426327424,0,1,4,1,,,,,,,,,,,,,,,,
,3985300576.57172,2.28021025657654,-0.0177972950041294,0,0.086,-0.003901288,-0.0202523,184.3563,,,128.1738,4.595323,0.0005,0,1.956248E-09,-1.950596E-09,-1.48594E-10,,,,,,90000,-94.02899,-110.2812,,,,,,,,,,,,,,,,,,,,,124337024,0,1,4,1,,,,,,,,,,,,,,,,
,3985300603.2373,2.27997469902039,-0.0355945900082588,0,0.086,,,,,,,,,,,,,,,,,,,,,0.02034501,0.01605554,-53.4737,,,143.4326,4.594492,0.0005,0,1.709101E-08,1.017243E-08,-1.373406E-08,,,,,,90000,-80.01794,-88.37415,426327424,0,1,4,1,,,,,,,,,,,,,,,,
,3985300692.05063,2.27484107017517,-0.0355945900082588,0,0.086,-0.007016586,-0.02103133,182.2207,,,128.1738,4.595323,0.0005,0,3.510843E-09,-3.508207E-09,-1.360384E-10,,,,,,90000,-84.1033,-83.04475,,,,,,,,,,,,,,,,,,,,,124337024,0,1,4,1,,,,,,,,,,,,,,,,
,3985300719.14817,2.27492356300354,0.0177972950041294,0,0.086,,,,,,,,,,,,,,,,,,,,,0.01994446,0.01572942,-53.74174,,,143.4326,4.594492,0.0005,0,1.68612E-08,9.972154E-09,-1.359619E-08,,,,,,90000,-83.02339,-76.91527,426327424,0,1,4,1,,,,,,,,,,,,,,,,
,3985300808.49693,2.26990842819214,0.0355945900082588,0,0.085,-0.007680943,-0.02029706,182.9768,,,128.1738,4.595323,0.0005,0,3.845567E-09,-3.840377E-09,-1.997078E-10,,,,,,90000,-84.90822,-86.43195,,,,,,,,,,,,,,,,,,,,,124337024,0,1,4,1,,,,,,,,,,,,,,,,
,3985300835.06578,2.27017259597778,0.533918857574463,0,0.085,,,,,,,,,,,,,,,,,,,,,0.01971023,0.01592497,-53.66051,,,143.4326,4.594492,0.0005,0,1.663106E-08,9.85504E-09,-1.339665E-08,,,,,,90000,-83.19252,-86.99228,426327424,0,1,4,1,,,,,,,,,,,,,,,,
,3985300924.01664,2.26508808135986,0.533918857574463,0,0.085,-0.00594109,-0.02011549,-163.0313,,,128.1738,4.595323,0.0005,0,3.10568E-09,-2.970472E-09,-9.063906E-10,,,,,,90000,-91.08517,-82.46671,,,,,,,,,,,,,,,,,,,,,124337024,0,1,4,1,,,,,,,,,,,,,,,,
,3985300951.01081,2.26500725746155,0.569513440132141,0,0.085,,,,,,,,,,,,,,,,,,,,,0.02034819,0.01561341,-53.67379,,,143.4326,4.594492,0.0005,0,1.717477E-08,1.017402E-08,-1.383698E-08,,,,,,90000,-84.89474,-88.62183,426327424,0,1,4,1,,,,,,,,,,,,,,,,
,3985301040.99632,2.25987601280212,0.569513440132141,0,0.084,-0.005619412,-0.01896737,-160.8363,,,128.1738,4.595323,0.0005,0,2.974468E-09,-2.809637E-09,-9.764218E-10,,,,,,90000,-89.94846,-84.86037,,,,,,,,,,,,,,,,,,,,,124337024,0,1,4,1,,,,,,,,,,,,,,,,
,3985301068.17737,2.26011204719543,0.551716148853302,0,0.084,,,,,,,,,,,,,,,,,,,,,0.02056168,0.01555844,-53.58757,,,143.4326,4.594492,0.0005,0,1.731954E-08,1.028076E-08,-1.393816E-08,,,,,,90000,-83.32154,-87.02486,426327424,0,1,4,1,,,,,,,,,,,,,,,,
,3985301155.79761,2.25508260726929,0.284756720066071,0,0.084,-0.004538449,-0.02028112,177.9363,,,128.1738,4.595323,0.0005,0,2.270641E-09,-2.269169E-09,8.176792E-11,,,,,,90000,-90.98772,-83.17101,,,,,,,,,,,,,,,,,,,,,124337024,0,1,4,1,,,,,,,,,,,,,,,,
,3985301182.84134,2.25525164604187,0.213567554950714,0,0.084,,,,,,,,,,,,,,,,,,,,,0.0211805,0.0159448,-52.53816,,,143.4326,4.594492,0.0005,0,1.741138E-08,1.059017E-08,-1.382043E-08,,,,,,90000,-81.92595,-79.24899,426327424,0,1,4,1,,,,,,,,,,,,,,,,
,3985301272.19256,2.25000715255737,0.444932401180267,0,0.083,-0.005056111,-0.01944801,-164.6061,,,128.1738,4.595323,0.0005,0,2.622063E-09,-2.527993E-09,-6.960368E-10,,,,,,90000,-90.90379,-79.81935,,,,,,,,,,,,,,,,,,,,,124337024,0,1,4,1,,,,,,,,,,,,,,,,
,3985301298.99414,2.24941945075989,0.462729692459106,0,0.083,,,,,,,,,,,,,,,,,,,,,0.02089397,0.01568851,-51.95726,,,143.4326,4.594492,0.0005,0,1.695241E-08,1.044691E-08,-1.33509E-08,,,,,,90000,-88.33459,-80.92553,426327424,0,1,4,1,,,,,,,,,,,,,,,,
,3985301387.92239,2.24513840675354,0.533918857574463,0,0.083,-0.004502932,-0.0203212,-171.4541,,,128.1738,4.595323,0.0005,0,2.276688E-09,-2.251411E-09,-3.38319E-10,,,,,,90000,-84.21055,-88.40048,,,,,,,,,,,,,,,,,,,,,124337024,0,1,4,1,,,,,,,,,,,,,,,,
,3985301414.93163,2.24493789672852,0.551716148853302,0,0.083,,,,,,,,,,,,,,,,,,,,,0.02178912,0.01744012,-50.98495,,,143.4326,4.594492,0.0005,0,1.730589E-08,1.089448E-08,-1.344634E-08,,,,,,90000,-81.05302,-100.3842,426327424,0,1,4,1,,,,,,,,,,,,,,,,
,3985301506.0136,2.23994326591492,0.516121566295624,0,0.082,-0.00541299,-0.02010597,173.0147,,,128.1738,4.595323,0.0005,0,2.726668E-09,-2.706429E-09,3.316039E-10,,,,,,90000,-93.65302,-85.21494,,,,,,,,,,,,,,,,,,,,,124337024,0,1,4,1,,,,,,,,,,,,,,,,
,3985301533.05081,2.23983693122864,0.551716148853302,0,0.082,,,,,,,,,,,,,,,,,,,,,0.01907426,0.01506633,-57.3564,,,143.4326,4.594492,0.0005,0,1.768048E-08,9.537058E-09,-1.488771E-08,,,,,,90000,-88.70607,-82.1369,426327424,0,1,4,1,,,,,,,,,,,,,,,,
,3985301621.75437,2.23502087593079,0.516121566295624,0,0.082,-0.00442691,-0.01971544,-169.4856,,,128.1738,4.595323,0.0005,0,2.251201E-09,-2.213401E-09,-4.108064E-10,,,,,,90000,-85.97569,-83.97579,,,,,,,,,,,,,,,,,,,,,124337024,0,1,4,1,,,,,,,,,,,,,,,,
,3985301648.19493,2.23501563072205,0.533918857574463,0,0.082,,,,,,,,,,,,,,,,,,,,,0.02019809,0.0149059,-54.44935,,,143.4326,4.594492,0.0005,0,1.736942E-08,1.009897E-08,-1.413179E-08,,,,,,90000,-88.75131,-77.74749,426327424,0,1,4,1,,,,,,,,,,,,,,,,
,3985301737.25269,2.23001194000244,0.516121566295624,0,0.081,-0.005512049,-0.02065756,171.6395,,,128.1738,4.595323,0.0005,0,2.785559E-09,-2.755957E-09,4.050225E-10,,,,,,90000,-106.7333,-77.29646,,,,,,,,,,,,,,,,,,,,,124337024,0,1,4,1,,,,,,,,,,,,,,,,
,3985301764.2433,2.22995233535767,0.569513440132141,0,0.081,,,,,,,,,,,,,,,,,,,,,0.0208804,0.01584358,-52.20484,,,143.4326,4.594492,0.0005,0,1.703564E-08,1.044013E-08,-1.346168E-08,,,,,,90000,-79.1955,-81.70619,426327424,0,1,4,1,,,,,,,,,,,,,,,,
,3985301851.70102,2.22497415542603,0.569513440132141,0,0.081,-0.006911425,-0.02041961,181.4255,,,128.1738,4.595323,0.0005,0,3.456697E-09,-3.455628E-09,-8.599301E-11,,,,,,90000,-94.26237,-92.90317,,,,,,,,,,,,,,,,,,,,,124337024,0,1,4,1,,,,,,,,,,,,,,,,
,3985301879.21768,2.22497534751892,0.516121566295624,0,0.081,,,,,,,,,,,,,,,,,,,,,0.01954483,0.01619991,-53.2674,,,143.4326,4.594492,0.0005,0,1.633949E-08,9.772343E-09,-1.309505E-08,,,,,,90000,-81.75185,-84.71089,426327424,0,1,4,1,,,,,,,,,,,,,,,,
,3985301969.04083,2.21991086006165,0.462729692459106,0,0.08,-0.006606651,-0.02131044,186.4278,,,128.1738,4.595323,0.0005,0,3.324141E-09,-3.303244E-09,-3.721392E-10,,,,,,90000,-97.02232,-106.9492,,,,,,,,,,,,,,,,,,,,,124337024,0,1,4,1,,,,,,,,,,,,,,,,
,3985301996.11398,2.22000575065613,0.480526983737946,0,0.08,,,,,,,,,,,,,,,,,,,,,0.01930263,0.01512626,-55.41837,,,143.4326,4.594492,0.0005,0,1.70042E-08,9.651243E-09,-1.399987E-08,,,,,,90000,-83.62518,-95.2654,426327424,0,1,4,1,,,,,,,,,,,,,,,,
,3985302083.1659,2.21503162384033,0.622905373573303,0,0.08,-0.005305935,-0.02006359,186.4228,,,128.1738,4.595323,0.0005,0,2.669658E-09,-2.652902E-09,-2.986407E-10,,,,,,90000,-86.31503,-82.27775,,,,,,,,,,,,,,,,,,,,,124337024,0,1,4,1,,,,,,,,,,,,,,,,
,3985302109.52793,2.21497011184692,0.480526983737946,0,0.08,,,,,,,,,,,,,,,,,,,,,0.02078869,0.0157126,-53.82104,,,143.4326,4.594492,0.0005,0,1.760817E-08,1.039427E-08,-1.421291E-08,,,,,,90000,-86.85711,-88.14688,426327424,0,1,4,1,,,,,,,,,,,,,,,,
,3985302199.05827,2.20999383926392,0.355945914983749,0,0.079,-0.004935603,-0.02089544,180.1208,,,128.1738,4.595323,0.0005,0,2.467746E-09,-2.467741E-09,-5.201739E-12,,,,,,90000,-81.8508,-88.41964,,,,,,,,,,,,,,,,,,,,,124337024,0,1,4,1,,,,,,,,,,,,,,,,
,3985302226.03213,2.21004009246826,0.533918857574463,0,0.08,,,,,,,,,,,,,,,,,,,,,0.0199735,0.01613084,-54.21856,,,143.4326,4.594492,0.0005,0,1.708015E-08,9.986674E-09,-1.385632E-08,,,,,,90000,-86.66515,-91.50375,426327424,0,1,4,1,,,,,,,,,,,,,,,,
,3985302314.13988,2.20487976074219,0.30255401134491,0,0.079,-0.005800139,-0.02071538,-171.4266,,,128.1738,4.595323,0.0005,0,2.93277E-09,-2.899998E-09,-4.372061E-10,,,,,,90000,-97.22516,-97.90269,,,,,,,,,,,,,,,,,,,,,124337024,0,1,4,1,,,,,,,,,,,,,,,,
,3985302340.43371,2.20497989654541,0.320351332426071,0,0.079,,,,,,,,,,,,,,,,,,,,,0.019263,0.01595748,-53.64822,,,143.4326,4.594492,0.0005,0,1.624896E-08,9.631429E-09,-1.30868E-08,,,,,,90000,-87.64487,-83.35007,426327424,0,1,4,1,,,,,,,,,,,,,,,,
,3985302430.70381,2.20023846626282,0.320351332426071,0,0.079,-0.007014267,-0.0206399,181.9461,,,128.1738,4.595323,0.0005,0,3.509071E-09,-3.507048E-09,-1.191651E-10,,,,,,90000,-82.86401,-88.68825,,,,,,,,,,,,,,,,,,,,,124337024,0,1,4,1,,,,,,,,,,,,,,,,
,3985302457.71968,2.20005178451538,0.355945914983749,0,0.078,,,,,,,,,,,,,,,,,,,,,0.01913269,0.01617513,-53.10255,,,143.4326,4.594492,0.0005,0,1.593358E-08,9.566277E-09,-1.274227E-08,,,,,,90000,-80.14397,-85.15283,426327424,0,1,4,1,,,,,,,,,,,,,,,,
,3985302545.72823,2.19500994682312,0.33814862370491,0,0.078,-0.005674267,-0.01957712,-169.3585,,,128.1738,4.595323,0.0005,0,2.88671E-09,-2.837064E-09,-5.330674E-10,,,,,,90000,-82.78682,-82.13719,,,,,,,,,,,,,,,,,,,,,124337024,0,1,4,1,,,,,,,,,,,,,,,,
,3985302572.03225,2.19484543800354,0.320351332426071,0,0.078,,,,,,,,,,,,,,,,,,,,,0.01801281,0.01562032,-55.97642,,,143.4326,4.594492,0.0005,0,1.609614E-08,9.006341E-09,-1.33406E-08,,,,,,90000,-82.00302,-79.01604,426327424,0,1,4,1,,,,,,,,,,,,,,,,
,3985302661.3669,2.19007277488709,0.0711891800165176,0,0.078,-0.004273895,-0.02011589,179.1203,,,128.1738,4.595323,0.0005,0,2.137147E-09,-2.136895E-09,3.281059E-11,,,,,,90000,-86.74289,-75.01277,,,,,,,,,,,,,,,,,,,,,124337024,0,1,4,1,,,,,,,,,,,,,,,,
,3985302688.3762,2.18995666503906,0.30255401134491,0,0.078,,,,,,,,,,,,,,,,,,,,,0.02042403,0.01616945,-53.90658,,,143.4326,4.594492,0.0005,0,1.733471E-08,1.021194E-08,-1.400744E-08,,,,,,90000,-93.8878,-88.13499,426327424,0,1,4,1,,,,,,,,,,,,,,,,
,3985302775.76091,2.1849479675293,0.33814862370491,0,0.077,-0.005109883,-0.02022287,181.8267,,,128.1738,4.595323,0.0005,0,2.556178E-09,-2.554879E-09,-8.148369E-11,,,,,,90000,-107.5436,-89.6779,,,,,,,,,,,,,,,,,,,,,124337024,0,1,4,1,,,,,,,,,,,,,,,,
,3985302803.13728,2.18499350547791,0.266959428787231,0,0.077,,,,,,,,,,,,,,,,,,,,,0.01986678,0.0167548,-54.05362,,,143.4326,4.594492,0.0005,0,1.692137E-08,9.933315E-09,-1.369898E-08,,,,,,90000,-86.08368,-83.6287,426327424,0,1,4,1,,,,,,,,,,,,,,,,
,3985302893.60443,2.17990374565125,0.409337788820267,0,0.077,-0.005361421,-0.02075463,179.5325,,,128.1738,4.595323,0.0005,0,2.680734E-09,-2.680644E-09,2.187363E-11,,,,,,90000,-84.8324,-81.30334,,,,,,,,,,,,,,,,,,,,,124337024,0,1,4,1,,,,,,,,,,,,,,,,
,3985302920.60699,2.17994904518127,0.106783777475357,0,0.077,,,,,,,,,,,,,,,,,,,,,0.02026202,0.01572296,-53.08324,,,143.4326,4.594492,0.0005,0,1.68665E-08,1.013093E-08,-1.348492E-08,,,,,,90000,-88.04253,-83.76299,426327424,0,1,4,1,,,,,,,,,,,,,,,,
,3985303007.84407,2.17494821548462,0.30255401134491,0,0.076,-0.005885447,-0.0206262,180.6426,,,128.1738,4.595323,0.0005,0,2.942836E-09,-2.942651E-09,-3.300431E-11,,,,,,90000,-82.61423,-88.79366,,,,,,,,,,,,,,,,,,,,,124337024,0,1,4,1,,,,,,,,,,,,,,,,
,3985303035.07702,2.17515826225281,0.30255401134491,0,0.076,,,,,,,,,,,,,,,,,,,,,0.02031582,0.0153447,-53.88678,,,143.4326,4.594492,0.0005,0,1.72347E-08,1.015783E-08,-1.392312E-08,,,,,,90000,-91.6564,-88.04086,426327424,0,1,4,1,,,,,,,,,,,,,,,,
,3985303125.56912,2.17018890380859,0.284756720066071,0,0.076,-0.005064365,-0.02094729,186.4334,,,128.1738,4.595323,0.0005,0,2.548167E-09,-2.53212E-09,-2.855187E-10,,,,,,90000,-103.5625,-88.12477,,,,,,,,,,,,,,,,,,,,,124337024,0,1,4,1,,,,,,,,,,,,,,,,
,3985303152.97865,2.17007827758789,0.266959428787231,0,0.076,,,,,,,,,,,,,,,,,,,,,0.01992011,0.0154281,-55.13615,,,143.4326,4.594492,0.0005,0,1.742388E-08,9.959981E-09,-1.429651E-08,,,,,,90000,-86.37173,-83.72987,426327424,0,1,4,1,,,,,,,,,,,,,,,,
,3985303241.75296,2.16504883766174,-0.195770248770714,0,0.075,-0.005811715,-0.02101511,184.9615,,,128.1738,4.595323,0.0005,0,2.916715E-09,-2.905786E-09,-2.522577E-10,,,,,,90000,-81.90647,-91.61759,,,,,,,,,,,,,,,,,,,,,124337024,0,1,4,1,,,,,,,,,,,,,,,,
,3985303268.14043,2.16478943824768,-0.177972957491875,0,0.075,,,,,,,,,,,,,,,,,,,,,0.01989036,0.0164533,-54.3018,,,143.4326,4.594492,0.0005,0,1.704343E-08,9.945108E-09,-1.3841E-08,,,,,,90000,-98.08704,-94.22401,426327424,0,1,4,1,,,,,,,,,,,,,,,,
,3985303357.19083,2.16015291213989,-0.142378360033035,0,0.075,-0.0046872,-0.02020878,169.7269,,,128.1738,4.595323,0.0005,0,2.381724E-09,-2.343543E-09,4.247568E-10,,,,,,90000,-87.6761,-78.70322,,,,,,,,,,,,,,,,,,,,,124337024,0,1,4,1,,,,,,,,,,,,,,,,
,3985303384.66368,2.16008543968201,-0.444932401180267,0,0.075,,,,,,,,,,,,,,,,,,,,,0.02094352,0.01540865,-53.01256,,,143.4326,4.594492,0.0005,0,1.740523E-08,1.047168E-08,-1.390273E-08,,,,,,90000,-88.99738,-85.95216,426327424,0,1,4,1,,,,,,,,,,,,,,,,
,3985303472.0961,2.15497827529907,-0.284756720066071,0,0.074,-0.005232449,-0.02036796,171.6446,,,128.1738,4.595323,0.0005,0,2.644227E-09,-2.61616E-09,3.842393E-10,,,,,,90000,-90.86243,-82.50139,,,,,,,,,,,,,,,,,,,,,124337024,0,1,4,1,,,,,,,,,,,,,,,,
,3985303498.74178,2.15490627288818,0,0,0.074,,,,,,,,,,,,,,,,,,,,,0.02038528,0.01552307,-54.13095,,,143.4326,4.594492,0.0005,0,1.739539E-08,1.019256E-08,-1.40965E-08,,,,,,90000,-85.3849,-87.89288,426327424,0,1,4,1,,,,,,,,,,,,,,,,
,3985303587.67783,2.14980459213257,-0.0177972950041294,0,0.074,-0.006053867,-0.02039573,-172.2908,,,128.1738,4.595323,0.0005,0,3.054466E-09,-3.026859E-09,-4.097414E-10,,,,,,90000,-86.1473,-83.55251,,,,,,,,,,,,,,,,,,,,,124337024,0,1,4,1,,,,,,,,,,,,,,,,
,3985303615.19995,2.14990425109863,-0.0177972950041294,0,0.074,,,,,,,,,,,,,,,,,,,,,0.02070756,0.01662757,-52.06376,,,143.4326,4.594492,0.0005,0,1.68412E-08,1.03537E-08,-1.328257E-08,,,,,,90000,-82.16762,-82.96716,426327424,0,1,4,1,,,,,,,,,,,,,,,,
,3985303704.10041,2.14512991905212,-0.0533918887376785,0,0.073,-0.006278008,-0.02013263,-172.8299,,,128.1738,4.595323,0.0005,0,3.163667E-09,-3.138927E-09,-3.94874E-10,,,,,,90000,-93.78632,-86.07642,,,,,,,,,,,,,,,,,,,,,124337024,0,1,4,1,,,,,,,,,,,,,,,,
,3985303730.68354,2.14504504203796,-0.0533918887376785,0,0.074,,,,,,,,,,,,,,,,,,,,,0.01897864,0.01584938,-55.65599,,,143.4326,4.594492,0.0005,0,1.682013E-08,9.489252E-09,-1.38878E-08,,,,,,90000,-88.72891,-91.33334,426327424,0,1,4,1,,,,,,,,,,,,,,,,
,3985303819.41059,2.13951945304871,0.0355945900082588,0,0.073,-0.005041654,-0.02070175,184.7234,,,128.1738,4.595323,0.0005,0,2.529355E-09,-2.520765E-09,-2.082833E-10,,,,,,90000,-86.54258,-94.08899,,,,,,,,,,,,,,,,,,,,,124337024,0,1,4,1,,,,,,,,,,,,,,,,
,3985303846.8322,2.14003896713257,0.0177972950041294,0,0.073,,,,,,,,,,,,,,,,,,,,,0.02056555,0.01649851,-52.84059,,,143.4326,4.594492,0.0005,0,1.702336E-08,1.02827E-08,-1.356691E-08,,,,,,90000,-86.95256,-84.1942,426327424,0,1,4,1,,,,,,,,,,,,,,,,
,3985303935.75424,2.13481378555298,-0.0177972950041294,0,0.073,-0.004382868,-0.01972878,180.1389,,,128.1738,4.595323,0.0005,0,2.191387E-09,-2.19138E-09,-5.310769E-12,,,,,,90000,-86.7904,-80.6794,,,,,,,,,,,,,,,,,,,,,124337024,0,1,4,1,,,,,,,,,,,,,,,,
,3985303962.07908,2.13478398323059,-0.0533918887376785,0,0.073,,,,,,,,,,,,,,,,,,,,,0.02019297,0.01538737,-54.319,,,143.4326,4.594492,0.0005,0,1.730996E-08,1.009641E-08,-1.406048E-08,,,,,,90000,-81.70633,-86.06261,426327424,0,1,4,1,,,,,,,,,,,,,,,,
,3985304050.42108,2.12984538078308,-0.0533918887376785,0,0.072,-0.005452214,-0.0198136,-170.7966,,,128.1738,4.595323,0.0005,0,2.761591E-09,-2.72604E-09,-4.416889E-10,,,,,,90000,-95.55665,-95.55548,,,,,,,,,,,,,,,,,,,,,124337024,0,1,4,1,,,,,,,,,,,,,,,,
,3985304078.36547,2.12997531890869,-0.0177972950041294,0,0.072,,,,,,,,,,,,,,,,,,,,,0.02110714,0.01566688,-53.81092,,,143.4326,4.594492,0.0005,0,1.787359E-08,1.055349E-08,-1.442529E-08,,,,,,90000,-87.77,-89.59398,426327424,0,1,4,1,,,,,,,,,,,,,,,,
,3985304166.2505,2.12498426437378,-0.0533918887376785,0,0.072,-0.006062886,-0.02040233,-173.1346,,,128.1738,4.595323,0.0005,0,3.053262E-09,-3.031369E-09,-3.649796E-10,,,,,,90000,-84.02806,-80.67323,,,,,,,,,,,,,,,,,,,,,124337024,0,1,4,1,,,,,,,,,,,,,,,,
,3985304192.68535,2.12496900558472,-0.0355945900082588,0,0.072,,,,,,,,,,,,,,,,,,,,,0.01972112,0.01584981,-54.86037,,,143.4326,4.594492,0.0005,0,1.713166E-08,9.860489E-09,-1.400945E-08,,,,,,90000,-94.21151,-90.43319,426327424,0,1,4,1,,,,,,,,,,,,,,,,
,3985304281.2872,2.11991286277771,-0.0355945900082588,0,0.071,-0.006289111,-0.02109944,-170.7905,,,128.1738,4.595323,0.0005,0,3.185541E-09,-3.144478E-09,-5.098305E-10,,,,,,90000,-92.63327,-75.79532,,,,,,,,,,,,,,,,,,,,,124337024,0,1,4,1,,,,,,,,,,,,,,,,
,3985304309.00503,2.12019157409668,-0.0533918887376785,0,0.071,,,,,,,,,,,,,,,,,,,,,0.02026029,0.01647175,-52.98234,,,143.4326,4.594492,0.0005,0,1.682564E-08,1.013007E-08,-1.343444E-08,,,,,,90000,-85.51483,-92.24469,426327424,0,1,4,1,,,,,,,,,,,,,,,,
,3985304397.77989,2.11495471000671,-0.0355945900082588,0,0.071,-0.004951479,-0.02052693,183.8792,,,128.1738,4.595323,0.0005,0,2.481364E-09,-2.475679E-09,-1.678738E-10,,,,,,90000,-88.52629,-90.58715,,,,,,,,,,,,,,,,,,,,,124337024,0,1,4,1,,,,,,,,,,,,,,,,
,3985304424.05092,2.11490797996521,0,0,0.071,,,,,,,,,,,,,,,,,,,,,0.01958213,0.01576504,-54.85546,,,143.4326,4.594492,0.0005,0,1.700885E-08,9.790995E-09,-1.390818E-08,,,,,,90000,-85.11776,-88.51096,426327424,0,1,4,1,,,,,,,,,,,,,,,,
,3985304512.64831,2.10986232757568,-0.106783777475357,0,0.07,-0.005057157,-0.02043741,181.4395,,,128.1738,4.595323,0.0005,0,2.529314E-09,-2.528516E-09,-6.354182E-11,,,,,,90000,-80.67021,-78.03136,,,,,,,,,,,,,,,,,,,,,124337024,0,1,4,1,,,,,,,,,,,,,,,,
,3985304540.43681,2.11010527610779,-0.0711891800165176,0,0.07,,,,,,,,,,,,,,,,,,,,,0.01971646,0.01510156,-55.2039,,,143.4326,4.594492,0.0005,0,1.727508E-08,9.858159E-09,-1.418609E-08,,,,,,90000,-82.50129,-84.77493,426327424,0,1,4,1,,,,,,,,,,,,,,,,
,3985304628.10917,2.10515451431274,-0.0711891800165176,0,0.07,-0.00660422,-0.02157427,180.8545,,,128.1738,4.595323,0.0005,0,3.302396E-09,-3.302029E-09,-4.924913E-11,,,,,,90000,-85.32304,-84.28722,,,,,,,,,,,,,,,,,,,,,124337024,0,1,4,1,,,,,,,,,,,,,,,,
,3985304654.85402,2.10493922233582,-0.0355945900082588,0,0.07,,,,,,,,,,,,,,,,,,,,,0.02051515,0.01551236,-54.14893,,,143.4326,4.594492,0.0005,0,1.751382E-08,1.02575E-08,-1.419569E-08,,,,,,90000,-79.56555,-86.978,426327424,0,1,4,1,,,,,,,,,,,,,,,,
,3985304744.4741,2.10018038749695,0.551716148853302,0,0.07,-0.005681555,-0.01965996,175.441,,,128.1738,4.595323,0.0005,0,2.849724E-09,-2.840708E-09,2.265101E-10,,,,,,90000,-97.90145,-79.02724,,,,,,,,,,,,,,,,,,,,,124337024,0,1,4,1,,,,,,,,,,,,,,,,
,3985304772.90472,2.09976863861084,0.480526983737946,0,0.07,,,,,,,,,,,,,,,,,,,,,0.02042967,0.01700811,-51.98399,,,143.4326,4.594492,0.0005,0,1.658559E-08,1.021476E-08,-1.306677E-08,,,,,,90000,-91.11192,-87.48042,426327424,0,1,4,1,,,,,,,,,,,,,,,,
,3985304861.85815,2.09505581855774,0.516121566295624,0,0.069,-0.005135884,-0.01975421,176.2258,,,128.1738,4.595323,0.0005,0,2.57346E-09,-2.567879E-09,1.69397E-10,,,,,,90000,-81.44893,-99.48622,,,,,,,,,,,,,,,,,,,,,124337024,0,1,4,1,,,,,,,,,,,,,,,,
,3985304888.17049,2.09489035606384,-0.0533918887376785,0,0.069,,,,,,,,,,,,,,,,,,,,,0.02144934,0.01663635,-51.22908,,,143.4326,4.594492,0.0005,0,1.712624E-08,1.072459E-08,-1.335257E-08,,,,,,90000,-94.60011,-79.6263,426327424,0,1,4,1,,,,,,,,,,,,,,,,
,3985304976.31989,2.09007620811462,0.0177972950041294,0,0.069,-0.005068774,-0.02063979,178.4583,,,128.1738,4.595323,0.0005,0,2.535242E-09,-2.534325E-09,6.820951E-11,,,,,,90000,-95.67788,-83.83319,,,,,,,,,,,,,,,,,,,,,124337024,0,1,4,1,,,,,,,,,,,,,,,,
,3985305004.13369,2.09007978439331,0.160175666213036,0,0.069,,,,,,,,,,,,,,,,,,,,,0.02049798,0.01538021,-53.40898,,,143.4326,4.594492,0.0005,0,1.719331E-08,1.024891E-08,-1.380469E-08,,,,,,90000,-100.7967,-86.80521,426327424,0,1,4,1,,,,,,,,,,,,,,,,
,3985305092.1669,2.08474254608154,0.195770248770714,0,0.068,-0.005051649,-0.02092071,-168.1872,,,128.1738,4.595323,0.0005,0,2.580411E-09,-2.525762E-09,-5.282491E-10,,,,,,90000,-93.2804,-84.48849,,,,,,,,,,,,,,,,,,,,,124337024,0,1,4,1,,,,,,,,,,,,,,,,
,3985305118.7302,2.08506941795349,0.0889864787459373,0,0.068,,,,,,,,,,,,,,,,,,,,,0.0203861,0.01696498,-52.34278,,,143.4326,4.594492,0.0005,0,1.668419E-08,1.019297E-08,-1.320854E-08,,,,,,90000,-82.36549,-97.78035,426327424,0,1,4,1,,,,,,,,,,,,,,,,
,3985305208.37809,2.07999300956726,-0.0355945900082588,0,0.068,-0.005719921,-0.02113364,186.2011,,,128.1738,4.595323,0.0005,0,2.876722E-09,-2.85989E-09,-3.107396E-10,,,,,,90000,-97.38249,-87.40381,,,,,,,,,,,,,,,,,,,,,124337024,0,1,4,1,,,,,,,,,,,,,,,,
,3985305235.98978,2.0800678730011,-0.0889864787459373,0,0.068,,,,,,,,,,,,,,,,,,,,,0.0199561,0.01603247,-54.31464,,,143.4326,4.594492,0.0005,0,1.710509E-08,9.977974E-09,-1.389331E-08,,,,,,90000,-81.80438,-100.3618,426327424,0,1,4,1,,,,,,,,,,,,,,,,
,3985305323.9607,2.07501173019409,-0.0711891800165176,0,0.067,-0.004707864,-0.02023388,-163.2582,,,128.1738,4.595323,0.0005,0,2.458066E-09,-2.353874E-09,-7.0807E-10,,,,,,90000,-85.82069,-84.08937,,,,,,,,,,,,,,,,,,,,,124337024,0,1,4,1,,,,,,,,,,,,,,,,
,3985305351.18326,2.07498002052307,-0.0355945900082588,0,0.067,,,,,,,,,,,,,,,,,,,,,0.01964566,0.01507487,-54.94895,,,143.4326,4.594492,0.0005,0,1.71037E-08,9.822756E-09,-1.400178E-08,,,,,,90000,-94.49563,-93.42567,426327424,0,1,4,1,,,,,,,,,,,,,,,,
,3985305440.23525,2.07006788253784,-0.355945914983749,0,0.067,-0.005435445,-0.01905137,-168.5111,,,128.1738,4.595323,0.0005,0,2.773221E-09,-2.717656E-09,-5.523631E-10,,,,,,90000,-88.92064,-84.77995,,,,,,,,,,,,,,,,,,,,,124337024,0,1,4,1,,,,,,,,,,,,,,,,
,3985305468.39176,2.07012295722961,-0.0711891800165176,0,0.067,,,,,,,,,,,,,,,,,,,,,0.02027754,0.01574249,-53.05566,,,143.4326,4.594492,0.0005,0,1.686862E-08,1.01387E-08,-1.348173E-08,,,,,,90000,-90.78096,-91.21428,426327424,0,1,4,1,,,,,,,,,,,,,,,,
,3985305555.15308,2.06494212150574,-0.0355945900082588,0,0.067,-0.005625573,-0.02079481,173.6656,,,128.1738,4.595323,0.0005,0,2.829995E-09,-2.812718E-09,3.122347E-10,,,,,,90000,-93.381,-89.5117,,,,,,,,,,,,,,,,,,,,,124337024,0,1,4,1,,,,,,,,,,,,,,,,
,3985305581.71921,2.06487131118774,-0.0711891800165176,0,0.067,,,,,,,,,,,,,,,,,,,,,0.01971967,0.01533306,-53.92979,,,143.4326,4.594492,0.0005,0,1.674619E-08,9.85976E-09,-1.353588E-08,,,,,,90000,-98.81512,-88.53247,426327424,0,1,4,1,,,,,,,,,,,,,,,,
,3985305670.50078,2.06011939048767,-0.0711891800165176,0,0.066,-0.005057012,-0.02027606,-163.1667,,,128.1738,4.595323,0.0005,0,2.641635E-09,-2.528444E-09,-7.649873E-10,,,,,,90000,-85.6598,-83.95419,,,,,,,,,,,,,,,,,,,,,124337024,0,1,4,1,,,,,,,,,,,,,,,,
,3985305698.5773,2.06003546714783,-0.0711891800165176,0,0.066,,,,,,,,,,,,,,,,,,,,,0.02012038,0.01612161,-53.07898,,,143.4326,4.594492,0.0005,0,1.674695E-08,1.006012E-08,-1.338859E-08,,,,,,90000,-85.55548,-90.18734,426327424,0,1,4,1,,,,,,,,,,,,,,,,
,3985305785.78999,2.05504083633423,-0.266959428787231,0,0.066,-0.005287472,-0.01883131,-163.3003,,,128.1738,4.595323,0.0005,0,2.76008E-09,-2.643671E-09,-7.931231E-10,,,,,,90000,-88.66444,-74.06905,,,,,,,,,,,,,,,,,,,,,124337024,0,1,4,1,,,,,,,,,,,,,,,,
,3985305812.10172,2.05492520332336,-0.320351332426071,0,0.066,,,,,,,,,,,,,,,,,,,,,0.02096578,0.0163655,-52.24508,,,143.4326,4.594492,0.0005,0,1.71208E-08,1.048281E-08,-1.353634E-08,,,,,,90000,-91.46996,-88.41325,426327424,0,1,4,1,,,,,,,,,,,,,,,,
,3985305900.60403,2.04986548423767,-0.0533918887376785,0,0.065,-0.007221554,-0.02033937,-166.8301,,,128.1738,4.595323,0.0005,0,3.708219E-09,-3.610688E-09,-8.448797E-10,,,,,,90000,-104.7537,-77.91463,,,,,,,,,,,,,,,,,,,,,124337024,0,1,4,1,,,,,,,,,,,,,,,,
,3985305928.60146,2.04997086524963,-0.30255401134491,0,0.065,,,,,,,,,,,,,,,,,,,,,0.02061787,0.01680702,-52.22018,,,143.4326,4.594492,0.0005,0,1.682725E-08,1.030886E-08,-1.329977E-08,,,,,,90000,-86.251,-95.19766,426327424,0,1,4,1,,,,,,,,,,,,,,,,
,3985306016.2017,2.04493474960327,-0.124581068754196,0,0.065,-0.006530024,-0.02058135,182.3519,,,128.1738,4.595323,0.0005,0,3.267685E-09,-3.264932E-09,-1.340955E-10,,,,,,90000,-91.31252,-77.31596,,,,,,,,,,,,,,,,,,,,,124337024,0,1,4,1,,,,,,,,,,,,,,,,
,3985306042.88575,2.04504179954529,-0.106783777475357,0,0.065,,,,,,,,,,,,,,,,,,,,,0.01885139,0.01513901,-55.66977,,,143.4326,4.594492,0.0005,0,1.671323E-08,9.425625E-09,-1.38018E-08,,,,,,90000,-89.27872,-87.11717,426327424,0,1,4,1,,,,,,,,,,,,,,,,
,3985306132.62308,2.03994655609131,-0.0533918887376785,0,0.065,-0.00537582,-0.02023213,-169.3058,,,128.1738,4.595323,0.0005,0,2.735353E-09,-2.687844E-09,-5.075915E-10,,,,,,90000,-93.78732,-108.4218,,,,,,,,,,,,,,,,,,,,,124337024,0,1,4,1,,,,,,,,,,,,,,,,
,3985306160.71667,2.04014658927917,-0.0355945900082588,0,0.065,,,,,,,,,,,,,,,,,,,,,0.02031676,0.01665833,-51.13644,,,143.4326,4.594492,0.0005,0,1.618936E-08,1.015831E-08,-1.260572E-08,,,,,,90000,-81.80495,-81.93154,426327424,0,1,4,1,,,,,,,,,,,,,,,,
,3985306247.98485,2.03506731987,0.516121566295624,0,0.064,-0.004851296,-0.01984506,-172.869,,,128.1738,4.595323,0.0005,0,2.444496E-09,-2.425588E-09,-3.034537E-10,,,,,,90000,-89.56932,-80.94849,,,,,,,,,,,,,,,,,,,,,124337024,0,1,4,1,,,,,,,,,,,,,,,,
,3985306275.23212,2.03502917289734,0.498324275016785,0,0.064,,,,,,,,,,,,,,,,,,,,,0.01920098,0.01587204,-54.23392,,,143.4326,4.594492,0.0005,0,1.642564E-08,9.600417E-09,-1.332793E-08,,,,,,90000,-92.28474,-88.48514,426327424,0,1,4,1,,,,,,,,,,,,,,,,
,3985306364.29441,2.02985692024231,0.516121566295624,0,0.064,-0.004801105,-0.01962721,182.5464,,,128.1738,4.595323,0.0005,0,2.402866E-09,-2.400493E-09,-1.067569E-10,,,,,,90000,-93.59224,-73.42505,,,,,,,,,,,,,,,,,,,,,124337024,0,1,4,1,,,,,,,,,,,,,,,,
,3985306392.62601,2.03005194664001,0.480526983737946,0,0.064,,,,,,,,,,,,,,,,,,,,,0.01971025,0.01527999,-55.06813,,,143.4326,4.594492,0.0005,0,1.7211E-08,9.855051E-09,-1.411015E-08,,,,,,90000,-94.88822,-85.94623,426327424,0,1,4,1,,,,,,,,,,,,,,,,
,3985306479.93144,2.02498412132263,0.498324275016785,0,0.063,-0.0064791,-0.01927368,-162.7479,,,128.1738,4.595323,0.0005,0,3.392083E-09,-3.239471E-09,-1.00601E-09,,,,,,90000,-99.06279,-79.91354,,,,,,,,,,,,,,,,,,,,,124337024,0,1,4,1,,,,,,,,,,,,,,,,
,3985306506.26988,2.02500057220459,0.516121566295624,0,0.063,,,,,,,,,,,,,,,,,,,,,0.01888186,0.01461656,-55.90697,,,143.4326,4.594492,0.0005,0,1.684249E-08,9.440858E-09,-1.394774E-08,,,,,,90000,-90.74625,-85.02075,426327424,0,1,4,1,,,,,,,,,,,,,,,,
,3985306594.78134,2.02013111114502,0.516121566295624,0,0.063,-0.006057962,-0.01905395,182.4518,,,128.1738,4.595323,0.0005,0,3.031682E-09,-3.028906E-09,-1.296928E-10,,,,,,90000,-84.50527,-93.57462,,,,,,,,,,,,,,,,,,,,,124337024,0,1,4,1,,,,,,,,,,,,,,,,
,3985306622.58056,2.01999068260193,0.516121566295624,0,0.063,,,,,,,,,,,,,,,,,,,,,0.01927344,0.01500509,-55.71213,,,143.4326,4.594492,0.0005,0,1.710594E-08,9.63665E-09,-1.413323E-08,,,,,,90000,-86.16177,-91.20352,426327424,0,1,4,1,,,,,,,,,,,,,,,,
,3985306709.93357,2.01497983932495,0.498324275016785,0,0.063,-0.005931987,-0.02041664,173.9948,,,128.1738,4.595323,0.0005,0,2.982286E-09,-2.965921E-09,3.120031E-10,,,,,,90000,-82.03003,-82.67296,,,,,,,,,,,,,,,,,,,,,124337024,0,1,4,1,,,,,,,,,,,,,,,,
,3985306736.24768,2.01493883132935,0.58731073141098,0,0.062,,,,,,,,,,,,,,,,,,,,,0.01922151,0.01528769,-56.76634,,,143.4326,4.594492,0.0005,0,1.7536E-08,9.610686E-09,-1.466785E-08,,,,,,90000,-93.59383,-88.9735,426327424,0,1,4,1,,,,,,,,,,,,,,,,
,3985306824.18245,2.00996518135071,0.533918857574463,0,0.062,-0.005162576,-0.02029091,166.6953,,,128.1738,4.595323,0.0005,0,2.652415E-09,-2.581225E-09,6.10398E-10,,,,,,90000,-89.92429,-75.59341,,,,,,,,,,,,,,,,,,,,,124337024,0,1,4,1,,,,,,,,,,,,,,,,
,3985306852.0781,2.0099093914032,0.498324275016785,0,0.062,,,,,,,,,,,,,,,,,,,,,0.02049292,0.01568502,-54.06804,,,143.4326,4.594492,0.0005,0,1.746075E-08,1.024639E-08,-1.413822E-08,,,,,,90000,-87.47051,-85.25037,426327424,0,1,4,1,,,,,,,,,,,,,,,,
,3985306939.26031,2.00498747825623,-0.320351332426071,0,0.062,-0.005788841,-0.0196151,-172.6989,,,128.1738,4.595323,0.0005,0,2.918009E-09,-2.89435E-09,-3.708337E-10,,,,,,90000,-81.57909,-82.29432,,,,,,,,,,,,,,,,,,,,,124337024,0,1,4,1,,,,,,,,,,,,,,,,
,3985306965.74364,2.00485706329346,-0.249162137508392,0,0.062,,,,,,,,,,,,,,,,,,,,,0.01955734,0.01557935,-54.59407,,,143.4326,4.594492,0.0005,0,1.687811E-08,9.778597E-09,-1.375681E-08,,,,,,90000,-83.81346,-95.07919,426327424,0,1,4,1,,,,,,,,,,,,,,,,
,3985307054.56557,2.00003027915955,-0.33814862370491,0,0.061,-0.004656488,-0.02108986,186.0399,,,128.1738,4.595323,0.0005,0,2.341183E-09,-2.328187E-09,-2.463404E-10,,,,,,90000,-90.58057,-80.82839,,,,,,,,,,,,,,,,,,,,,124337024,0,1,4,1,,,,,,,,,,,,,,,,
,3985307083.01883,1.99995994567871,-0.33814862370491,0,0.061,,,,,,,,,,,,,,,,,,,,,0.02048675,0.0153408,-53.52884,,,143.4326,4.594492,0.0005,0,1.723248E-08,1.02433E-08,-1.385761E-08,,,,,,90000,-89.25838,-86.03759,426327424,0,1,4,1,,,,,,,,,,,,,,,,
